6 
10 13 51 63 72 
76 25 2 5 9 40 56 42 
17 
15 8 33 4 37 28 22 
19 
55 30 52 64 32 7 65 31 
36 
23 38 18 46 20 41 79 29 49 16 
24 34 59 
54 78 
57 
60 
67 21 3 12 58 74 43 
69 
80 35 50 
70 47 

1 13
2 25
3 13
4 17
5 51
6 13
7 63
8 76
9 25
10 42
11 17
12 76
13 19
14 47
15 76
16 17
17 10
18 19
19 51
20 10
21 6
22 67
23 43
24 59
25 6
26 47
27 3
28 58
29 67
30 47
31 34
32 6
33 37
34 37
35 69
36 60
37 22
38 24
39 36
40 6
41 17
42 57
43 76
44 10
45 57
46 10
47 76
48 19
49 57
50 70
51 60
52 60
53 60
54 69
55 6
56 47
57 70
58 17
59 60
60 6
61 69
62 7
63 64
64 65
65 28
66 32
67 37
68 33
69 52
70 28
71 69
72 17
73 69
74 24
75 36
76 15
77 34
78 4
79 3
80 6
81 25
82 9
83 19
84 10
85 76
86 5
87 51
88 9
89 9
90 17
91 17
92 60
93 57
94 31
95 17
96 60
97 57
98 17
99 57
100 34
101 72
102 51
103 35
104 63
105 13
106 57
107 51
108 10
109 35
110 80
111 43
112 36
113 67
114 67
115 57
116 59
117 6
118 59
119 17
120 59
121 56
122 13
123 57
124 19
125 57
126 47
127 17
128 57
129 19
130 57
131 23
132 79
133 29
134 29
135 54
136 54
137 78
138 22
139 23
140 16
141 24
142 24
143 34
144 15
145 36
146 34
147 67
148 60
149 36
150 67
151 57
152 60
153 35
154 31
155 80
156 78
157 54
158 19
159 80
160 78
161 21
162 6
163 57
164 16
165 17
166 19
167 57
168 60
169 60
170 60
171 23
172 35
173 57
174 79
175 17
176 60
177 54
178 78
179 22
180 54
181 19
182 69
183 17
184 57
185 19
186 17
187 19
188 19
189 6
190 19
191 41
192 41
193 31
194 46
195 20
196 22
197 80
198 38
199 54
200 29
201 43
202 3
203 36
204 36
205 24
206 6
207 21
208 47
209 43
210 6
211 80
212 54
213 50
214 37
215 54
216 60
217 17
218 31
219 60
220 19
221 69
222 29
223 60
224 69
225 54
226 69
227 28
228 80
229 31
230 18
231 6
232 6
233 60
234 36
235 36
236 70
237 17
238 60
239 69
240 17
241 57
242 19
243 70
244 70
245 50
246 19
247 31
248 70
249 50
250 57
251 22
252 28
253 69
254 31
255 69
256 60
257 54
258 69
259 37
260 54
261 24
262 67
263 42
264 6
265 67
266 43
267 42
268 67
269 67
270 43
271 28
272 36
273 28
274 6
275 69
276 60
277 69
278 69
279 69
280 70
281 54
282 49
283 35
284 80
285 31
286 80
287 78
288 16
289 38
290 31
291 24
292 37
293 24
294 36
295 36
296 60
297 30
298 4
299 34
300 69
301 60
302 35
303 31
304 36
305 60
306 6
307 57
308 70
309 80
310 57
311 52
312 30
313 36
314 30
315 28
316 36
317 64
318 33
319 15
320 34
321 34
322 69
323 36
324 31
325 36
326 34
327 36
328 55
329 60
330 36
331 6
332 69
333 24
334 69
335 17
336 70
337 36
338 6
339 36
340 34
341 19
342 60
343 19
344 13
345 19
346 19
347 80
348 35
349 31
350 31
351 6
352 6
353 6
354 36
355 70
356 69
357 36
358 70
359 36
360 17
361 69
362 24
363 22
364 24
365 28
366 19
367 69
368 31
369 60
370 6
371 69
372 54
373 69
374 22
375 54
376 80
377 35
378 60
379 80
380 22
381 23
382 31
383 29
384 78
385 18
386 31
387 41
388 79
389 23
390 54
391 47
392 17
393 40
394 42
395 13
396 42
397 76
398 57
399 25
400 17
401 79
402 69
403 78
404 22
405 54
406 54
407 22
408 54
409 79
410 79
411 76
412 47
413 59
414 57
415 57
416 19
417 6
418 19
419 17
420 70
421 6
422 57
423 17
424 57
425 6
426 67
427 67
428 47
429 36
430 43
431 36
432 15
433 36
434 34
435 36
436 59
437 34
438 15
439 24
440 59
441 34
442 24
443 6
444 24
445 36
446 37
447 69
448 24
449 36
450 24
451 54
452 38
453 46
454 78
455 54
456 46
457 29
458 80
459 18
460 38
461 6
462 47
463 19
464 17
465 42
466 6
467 70
468 17
469 70
470 60
471 6
472 17
473 10
474 21
475 19
476 13
477 57
478 47
479 42
480 57
481 35
482 35
483 19
484 80
485 49
486 54
487 80
488 16
489 60
490 80
491 60
492 31
493 60
494 19
495 60
496 70
497 19
498 50
499 70
500 17
501 6
502 35
503 10
504 57
505 19
506 10
507 19
508 50
509 57
510 76
511 36
512 36
513 55
514 34
515 37
516 24
517 8
518 28
519 69
520 69
521 3
522 58
523 43
524 3
525 43
526 67
527 67
528 21
529 12
530 59
531 19
532 57
533 60
534 54
535 57
536 36
537 22
538 36
539 80
540 31
541 54
542 36
543 60
544 69
545 34
546 31
547 60
548 55
549 69
550 34
551 6
552 70
553 17
554 70
555 60
556 42
557 57
558 67
559 47
560 13
561 17
562 60
563 70
564 57
565 19
566 70
567 60
568 36
569 6
570 17
571 43
572 59
573 67
574 59
575 67
576 47
577 74
578 47
579 58
580 67
581 36
582 19
583 70
584 47
585 70
586 59
587 6
588 17
589 13
590 17
591 6
592 31
593 36
594 19
595 69
596 17
597 54
598 60
599 70
600 17
601 80
602 57
603 49
604 31
605 80
606 35
607 31
608 50
609 35
610 54
611 56
612 59
613 76
614 40
615 59
616 42
617 6
618 40
619 42
620 42
621 25
622 57
623 19
624 35
625 10
626 13
627 70
628 35
629 57
630 17
631 55
632 28
633 36
634 30
635 64
636 55
637 65
638 55
639 24
640 55
641 6
642 28
643 60
644 28
645 60
646 6
647 37
648 65
649 69
650 6
651 54
652 31
653 38
654 37
655 6
656 60
657 54
658 37
659 36
660 28
661 70
662 36
663 67
664 17
665 60
666 19
667 6
668 57
669 57
670 47
671 13
672 51
673 70
674 76
675 50
676 25
677 76
678 51
679 9
680 76
681 70
682 31
683 17
684 6
685 69
686 22
687 31
688 17
689 80
690 17
691 17
692 17
693 57
694 19
695 60
696 36
697 19
698 60
699 70
700 17
701 29
702 38
703 23
704 41
705 54
706 69
707 54
708 38
709 41
710 54
711 49
712 51
713 19
714 80
715 80
716 57
717 10
718 19
719 50
720 63
721 10
722 72
723 63
724 54
725 80
726 80
727 63
728 57
729 51
730 25
731 57
732 47
733 36
734 36
735 43
736 67
737 57
738 43
739 67
740 24
741 24
742 15
743 17
744 6
745 17
746 67
747 6
748 36
749 3
750 24
751 6
752 6
753 19
754 57
755 19
756 10
757 19
758 13
759 70
760 76
761 40
762 31
763 10
764 47
765 40
766 2
767 10
768 50
769 2
770 6
771 54
772 19
773 69
774 54
775 36
776 60
777 70
778 80
779 54
780 69
781 60
782 54
783 54
784 54
785 60
786 78
787 31
788 80
789 31
790 69
791 69
792 31
793 60
794 17
795 19
796 57
797 19
798 57
799 19
800 6
