6 
10 13 51 63 72 
76 25 2 5 9 40 56 42 
17 
15 8 33 4 37 28 22 
19 
30 52 64 32 7 55 65 31 
36 
29 20 41 46 18 23 38 79 49 16 
54 78 
57 
59 34 24 
60 
67 21 3 12 58 74 43 
69 
80 35 50 
47 70 

1 76
2 25
3 13
4 17
5 51
6 76
7 19
8 76
9 25
10 42
11 17
12 76
13 70
14 70
15 76
16 17
17 70
18 19
19 76
20 10
21 6
22 67
23 43
24 59
25 43
26 6
27 3
28 58
29 67
30 47
31 34
32 60
33 37
34 37
35 69
36 69
37 36
38 24
39 60
40 6
41 60
42 19
43 76
44 10
45 17
46 10
47 76
48 19
49 57
50 17
51 60
52 60
53 60
54 6
55 6
56 47
57 70
58 60
59 60
60 6
61 69
62 7
63 64
64 65
65 55
66 32
67 37
68 33
69 52
70 37
71 60
72 17
73 6
74 24
75 36
76 15
77 34
78 36
79 36
80 6
81 25
82 9
83 19
84 10
85 76
86 5
87 51
88 9
89 9
90 17
91 19
92 60
93 57
94 31
95 17
96 17
97 57
98 17
99 10
100 34
101 72
102 51
103 35
104 63
105 13
106 70
107 2
108 10
109 35
110 80
111 43
112 36
113 67
114 42
115 57
116 59
117 6
118 59
119 17
120 59
121 56
122 13
123 57
124 19
125 57
126 70
127 17
128 17
129 19
130 57
131 23
132 78
133 29
134 29
135 54
136 60
137 16
138 22
139 23
140 16
141 24
142 34
143 34
144 15
145 36
146 34
147 67
148 60
149 36
150 67
151 19
152 60
153 35
154 80
155 80
156 22
157 54
158 19
159 80
160 78
161 70
162 6
163 57
164 70
165 17
166 19
167 57
168 60
169 60
170 19
171 38
172 35
173 57
174 23
175 17
176 60
177 80
178 78
179 22
180 54
181 19
182 69
183 17
184 57
185 57
186 17
187 6
188 19
189 6
190 19
191 80
192 79
193 60
194 46
195 20
196 22
197 80
198 23
199 54
200 29
201 43
202 3
203 36
204 36
205 6
206 6
207 21
208 47
209 43
210 6
211 80
212 80
213 50
214 80
215 54
216 60
217 17
218 31
219 60
220 19
221 69
222 79
223 60
224 69
225 54
226 22
227 28
228 18
229 31
230 79
231 6
232 17
233 60
234 36
235 47
236 70
237 17
238 60
239 69
240 6
241 57
242 19
243 57
244 70
245 70
246 19
247 19
248 17
249 13
250 57
251 54
252 22
253 69
254 31
255 69
256 60
257 54
258 69
259 37
260 22
261 24
262 67
263 42
264 70
265 67
266 43
267 42
268 67
269 67
270 43
271 28
272 36
273 28
274 6
275 69
276 69
277 69
278 69
279 36
280 70
281 41
282 49
283 35
284 80
285 80
286 80
287 78
288 80
289 38
290 31
291 36
292 37
293 24
294 34
295 36
296 60
297 30
298 4
299 34
300 69
301 60
302 35
303 31
304 36
305 60
306 17
307 57
308 60
309 69
310 57
311 52
312 30
313 24
314 30
315 28
316 22
317 64
318 33
319 15
320 34
321 34
322 69
323 36
324 31
325 36
326 34
327 36
328 55
329 24
330 34
331 6
332 69
333 34
334 36
335 34
336 70
337 36
338 6
339 47
340 34
341 17
342 60
343 19
344 10
345 57
346 19
347 31
348 35
349 31
350 54
351 6
352 17
353 17
354 36
355 17
356 69
357 36
358 17
359 17
360 36
361 69
362 60
363 22
364 34
365 28
366 69
367 54
368 80
369 36
370 6
371 69
372 20
373 36
374 78
375 80
376 80
377 80
378 60
379 80
380 22
381 38
382 31
383 29
384 78
385 18
386 31
387 41
388 79
389 23
390 54
391 57
392 17
393 40
394 42
395 13
396 42
397 76
398 40
399 25
400 17
401 79
402 54
403 79
404 22
405 54
406 54
407 22
408 54
409 79
410 16
411 76
412 47
413 59
414 19
415 70
416 57
417 6
418 17
419 19
420 70
421 36
422 17
423 17
424 57
425 6
426 67
427 67
428 47
429 36
430 43
431 36
432 15
433 36
434 34
435 24
436 59
437 34
438 15
439 24
440 59
441 55
442 24
443 6
444 24
445 36
446 55
447 69
448 36
449 24
450 24
451 78
452 38
453 46
454 78
455 54
456 46
457 29
458 80
459 18
460 38
461 36
462 47
463 60
464 19
465 12
466 6
467 6
468 19
469 70
470 67
471 6
472 17
473 10
474 21
475 19
476 13
477 57
478 10
479 42
480 57
481 54
482 35
483 19
484 31
485 49
486 54
487 80
488 16
489 70
490 54
491 60
492 19
493 60
494 57
495 70
496 17
497 19
498 50
499 70
500 57
501 6
502 35
503 10
504 19
505 19
506 50
507 19
508 35
509 57
510 76
511 36
512 36
513 55
514 34
515 37
516 69
517 8
518 28
519 69
520 69
521 3
522 58
523 43
524 3
525 43
526 67
527 67
528 21
529 12
530 59
531 6
532 80
533 60
534 54
535 57
536 36
537 22
538 36
539 80
540 31
541 54
542 36
543 60
544 69
545 34
546 31
547 69
548 28
549 6
550 36
551 6
552 57
553 17
554 57
555 60
556 43
557 47
558 59
559 70
560 76
561 57
562 60
563 70
564 57
565 19
566 70
567 60
568 36
569 6
570 17
571 43
572 59
573 67
574 59
575 67
576 47
577 74
578 47
579 58
580 67
581 36
582 70
583 6
584 47
585 10
586 59
587 67
588 17
589 13
590 70
591 17
592 31
593 36
594 60
595 69
596 17
597 54
598 60
599 70
600 17
601 80
602 57
603 49
604 54
605 80
606 35
607 31
608 50
609 31
610 54
611 56
612 47
613 47
614 40
615 59
616 42
617 6
618 40
619 42
620 76
621 51
622 19
623 57
624 35
625 10
626 13
627 19
628 35
629 19
630 17
631 55
632 37
633 36
634 30
635 64
636 65
637 65
638 55
639 37
640 37
641 6
642 28
643 60
644 28
645 60
646 6
647 37
648 65
649 69
650 36
651 22
652 31
653 23
654 37
655 6
656 60
657 54
658 37
659 36
660 28
661 70
662 17
663 67
664 17
665 60
666 19
667 70
668 57
669 57
670 47
671 10
672 51
673 70
674 76
675 50
676 25
677 76
678 51
679 9
680 13
681 70
682 31
683 17
684 6
685 69
686 22
687 31
688 19
689 69
690 6
691 17
692 70
693 57
694 19
695 60
696 36
697 19
698 70
699 19
700 17
701 29
702 38
703 23
704 41
705 31
706 69
707 78
708 38
709 41
710 31
711 49
712 51
713 19
714 80
715 80
716 57
717 70
718 19
719 50
720 63
721 57
722 72
723 63
724 54
725 19
726 80
727 63
728 57
729 51
730 51
731 6
732 59
733 36
734 36
735 43
736 67
737 57
738 43
739 67
740 24
741 24
742 15
743 17
744 6
745 6
746 6
747 6
748 36
749 3
750 24
751 6
752 6
753 57
754 6
755 19
756 57
757 57
758 13
759 17
760 76
761 40
762 31
763 10
764 47
765 40
766 2
767 10
768 50
769 2
770 6
771 54
772 19
773 19
774 31
775 36
776 60
777 57
778 31
779 31
780 78
781 60
782 31
783 69
784 54
785 69
786 22
787 31
788 80
789 54
790 69
791 69
792 70
793 60
794 60
795 19
796 57
797 19
798 57
799 19
800 6
