1 
8 21 34 65 75 12 15 
57 
60 
55 
16 
69 
66 
29 
76 4 6 77 
13 
17 
44 
23 
52 
2 

1 16
2 16
3 52
4 44
5 4
6 2
7 52
8 2
9 17
10 44
11 66
12 66
13 13
14 29
15 2
16 1
17 2
18 15
19 44
20 17
21 52
22 23
23 17
24 57
25 4
26 16
27 1
28 57
29 16
30 13
31 13
32 2
33 2
34 60
35 17
36 69
37 8
38 23
39 57
40 4
41 23
42 23
43 57
44 44
45 21
46 16
47 13
48 23
49 52
50 16
51 55
52 60
53 55
54 55
55 60
56 2
57 66
58 16
59 13
60 1
61 52
62 13
63 55
64 1
65 55
66 4
67 55
68 15
69 69
70 17
71 69
72 16
73 60
74 15
75 69
76 23
77 2
78 16
79 23
80 52
81 44
82 44
83 66
84 17
85 44
86 12
87 4
88 17
89 52
90 69
91 2
92 66
93 4
94 1
95 57
96 52
97 13
98 2
99 52
100 2
101 23
102 17
103 57
104 66
105 15
106 52
107 44
108 52
109 16
110 4
111 2
112 2
113 44
114 17
115 29
116 60
117 44
118 52
119 52
120 29
121 57
122 65
123 69
124 1
125 4
126 4
127 16
128 16
129 16
130 55
131 60
132 1
133 29
134 17
135 2
136 57
137 15
138 57
139 69
140 69
141 2
142 15
143 66
144 29
145 29
146 60
147 4
148 66
149 17
150 29
151 17
152 4
153 60
154 69
155 4
156 66
157 4
158 60
159 57
160 29
161 17
162 66
163 57
164 57
165 60
166 34
167 55
168 15
169 1
170 66
171 52
172 15
173 23
174 44
175 44
176 16
177 29
178 15
179 60
180 44
181 2
182 44
183 1
184 16
185 66
186 4
187 66
188 52
189 1
190 55
191 55
192 2
193 69
194 17
195 60
196 29
197 52
198 69
199 44
200 23
201 23
202 2
203 17
204 12
205 13
206 23
207 13
208 16
209 69
210 13
211 4
212 13
213 1
214 57
215 66
216 29
217 17
218 13
219 29
220 1
221 29
222 60
223 57
224 57
225 60
226 77
227 6
228 16
229 13
230 66
231 29
232 1
233 23
234 13
235 55
236 2
237 17
238 66
239 4
240 60
241 44
242 16
243 69
244 13
245 13
246 23
247 55
248 75
249 55
250 60
251 57
252 13
253 23
254 13
255 16
256 44
257 55
258 69
259 16
260 4
261 1
262 13
263 23
264 23
265 44
266 52
267 29
268 69
269 69
270 29
271 57
272 57
273 55
274 17
275 55
276 1
277 16
278 57
279 29
280 69
281 1
282 17
283 15
284 4
285 15
286 2
287 29
288 13
289 52
290 69
291 69
292 13
293 16
294 15
295 66
296 15
297 13
298 13
299 29
300 55
301 52
302 66
303 17
304 57
305 17
306 23
307 52
308 15
309 1
310 66
311 60
312 55
313 23
314 52
315 44
316 57
317 15
318 16
319 1
320 13
321 60
322 60
323 1
324 55
325 17
326 60
327 55
328 29
329 17
330 1
331 60
332 17
333 55
334 23
335 55
336 1
337 1
338 29
339 55
340 60
341 52
342 69
343 16
344 2
345 16
346 44
347 2
348 52
349 23
350 1
351 69
352 76
353 15
354 55
355 60
356 77
357 15
358 1
359 57
360 2
361 2
362 57
363 23
364 4
365 4
366 52
367 15
368 44
369 44
370 60
371 2
372 66
373 17
374 69
375 69
376 69
377 23
378 55
379 66
380 4
381 23
382 29
383 29
384 57
385 1
386 29
387 69
388 23
389 44
390 13
391 29
392 52
393 57
394 44
395 60
396 66
397 66
398 44
399 66
400 66
