1 
47 
48 
58 46 
26 
33 
79 22 74 61 57 
5 50 
39 
72 
65 
28 
59 
66 
70 24 
17 
63 

1 46
2 47
3 48
4 17
5 74
6 65
7 65
8 39
9 28
10 59
11 5
12 46
13 1
14 26
15 33
16 26
17 33
18 47
19 59
20 24
21 39
22 47
23 63
24 72
25 66
26 33
27 63
28 72
29 66
30 72
31 5
32 65
33 39
34 59
35 28
36 26
37 17
38 26
39 24
40 39
41 39
42 48
43 5
44 24
45 66
46 17
47 26
48 48
49 46
50 33
51 5
52 72
53 63
54 63
55 47
56 5
57 17
58 59
59 66
60 48
61 79
62 1
63 46
64 1
65 63
66 17
67 1
68 26
69 48
70 26
71 24
72 57
73 39
74 66
75 1
76 63
77 47
78 72
79 48
80 26
81 47
82 5
83 24
84 72
85 39
86 26
87 1
88 46
89 26
90 48
91 79
92 48
93 39
94 66
95 39
96 26
97 1
98 26
99 74
100 57
101 46
102 46
103 47
104 28
105 46
106 47
107 63
108 17
109 58
110 46
111 66
112 79
113 33
114 26
115 66
116 65
117 47
118 5
119 5
120 17
121 48
122 39
123 5
124 48
125 59
126 59
127 63
128 63
129 59
130 65
131 72
132 24
133 63
134 48
135 26
136 63
137 24
138 47
139 46
140 39
141 17
142 46
143 1
144 28
145 63
146 24
147 48
148 5
149 47
150 1
151 39
152 48
153 28
154 1
155 47
156 1
157 26
158 63
159 72
160 72
161 5
162 5
163 28
164 24
165 46
166 33
167 33
168 5
169 33
170 39
171 26
172 72
173 63
174 65
175 63
176 65
177 47
178 17
179 39
180 33
181 26
182 47
183 28
184 5
185 39
186 28
187 5
188 39
189 33
190 24
191 70
192 33
193 47
194 33
195 26
196 65
197 47
198 17
199 46
200 48
201 65
202 28
203 66
204 46
205 39
206 47
207 48
208 39
209 17
210 47
211 72
212 66
213 66
214 66
215 65
216 47
217 59
218 63
219 39
220 1
221 63
222 74
223 66
224 24
225 59
226 72
227 17
228 17
229 48
230 65
231 46
232 39
233 70
234 72
235 63
236 65
237 39
238 28
239 59
240 48
241 66
242 59
243 48
244 66
245 46
246 26
247 33
248 28
249 72
250 72
251 17
252 47
253 46
254 46
255 33
256 5
257 65
258 65
259 47
260 5
261 70
262 33
263 28
264 26
265 28
266 26
267 63
268 63
269 47
270 59
271 17
272 66
273 24
274 48
275 1
276 48
277 33
278 63
279 47
280 66
281 59
282 72
283 39
284 33
285 17
286 39
287 5
288 46
289 1
290 72
291 33
292 72
293 47
294 66
295 46
296 33
297 17
298 72
299 72
300 5
301 59
302 66
303 72
304 1
305 5
306 39
307 48
308 5
309 33
310 46
311 17
312 63
313 5
314 1
315 28
316 65
317 59
318 66
319 17
320 26
321 24
322 48
323 65
324 26
325 46
326 72
327 48
328 65
329 46
330 65
331 17
332 33
333 58
334 48
335 66
336 17
337 65
338 33
339 48
340 5
341 17
342 33
343 72
344 58
345 17
346 46
347 26
348 59
349 39
350 59
351 39
352 47
353 24
354 26
355 39
356 28
357 65
358 5
359 28
360 1
361 72
362 47
363 48
364 26
365 63
366 1
367 22
368 59
369 24
370 28
371 47
372 26
373 28
374 1
375 26
376 33
377 33
378 5
379 72
380 33
381 1
382 48
383 72
384 59
385 28
386 1
387 5
388 57
389 59
390 65
391 65
392 39
393 33
394 39
395 63
396 24
397 28
398 1
399 1
400 59
401 1
402 66
403 17
404 46
405 72
406 24
407 24
408 46
409 65
410 66
411 26
412 24
413 63
414 33
415 39
416 39
417 28
418 28
419 48
420 59
421 65
422 66
423 33
424 5
425 17
426 65
427 66
428 1
429 46
430 28
431 5
432 66
433 1
434 47
435 5
436 1
437 26
438 46
439 39
440 1
441 17
442 28
443 63
444 63
445 5
446 39
447 59
448 39
449 66
450 24
451 5
452 28
453 72
454 65
455 26
456 66
457 5
458 46
459 26
460 33
461 72
462 47
463 66
464 47
465 1
466 1
467 47
468 65
469 26
470 65
471 46
472 46
473 47
474 39
475 72
476 59
477 33
478 1
479 28
480 46
481 1
482 26
483 39
484 26
485 26
486 28
487 17
488 72
489 65
490 66
491 1
492 66
493 1
494 33
495 24
496 17
497 17
498 28
499 66
500 24
501 39
502 47
503 48
504 1
505 5
506 28
507 47
508 63
509 5
510 39
511 57
512 59
513 59
514 66
515 5
516 65
517 63
518 48
519 72
520 59
521 46
522 24
523 39
524 48
525 17
526 72
527 66
528 46
529 59
530 65
531 5
532 65
533 63
534 5
535 24
536 61
537 65
538 33
539 17
540 26
541 33
542 72
543 5
544 5
545 63
546 28
547 47
548 1
549 17
550 1
551 63
552 39
553 48
554 48
555 50
556 17
557 47
558 26
559 17
560 26
561 33
562 63
563 48
564 28
565 46
566 65
567 5
568 63
569 33
570 72
571 48
572 5
573 46
574 63
575 24
576 39
577 59
578 39
579 47
580 72
581 39
582 24
583 63
584 66
585 24
586 65
587 1
588 63
589 5
590 17
591 59
592 28
593 24
594 72
595 46
596 72
597 28
598 63
599 57
600 66
601 5
602 39
603 47
604 5
605 1
606 65
607 72
608 65
609 47
610 33
611 66
612 28
613 46
614 33
615 17
616 65
617 26
618 17
619 59
620 17
621 5
622 46
623 66
624 48
625 66
626 72
627 26
628 59
629 46
630 48
631 66
632 59
633 46
634 59
635 72
636 66
637 48
638 28
639 1
640 66
641 5
642 24
643 24
644 28
645 48
646 33
647 24
648 17
649 47
650 63
651 65
652 59
653 28
654 24
655 5
656 24
657 65
658 26
659 28
660 17
661 33
662 65
663 24
664 17
665 63
666 17
667 46
668 59
669 1
670 48
671 39
672 65
673 65
674 47
675 1
676 24
677 59
678 47
679 72
680 59
681 1
682 47
683 63
684 47
685 28
686 65
687 46
688 63
689 24
690 63
691 26
692 72
693 26
694 59
695 5
696 1
697 48
698 65
699 70
700 33
701 74
702 28
703 46
704 24
705 48
706 57
707 59
708 79
709 65
710 33
711 66
712 24
713 72
714 48
715 63
716 66
717 33
718 39
719 17
720 47
721 33
722 47
723 24
724 17
725 48
726 17
727 65
728 47
729 24
730 33
731 5
732 59
733 63
734 59
735 24
736 24
737 17
738 26
739 59
740 72
741 63
742 48
743 28
744 26
745 39
746 57
747 72
748 1
749 33
750 28
751 48
752 1
753 59
754 66
755 66
756 72
757 17
758 59
759 63
760 46
761 24
762 48
763 26
764 24
765 1
766 26
767 65
768 63
769 28
770 65
771 33
772 48
773 72
774 47
775 47
776 33
777 39
778 1
779 66
780 66
781 28
782 59
783 48
784 24
785 46
786 17
787 66
788 1
789 26
790 59
791 63
792 17
793 59
794 70
795 59
796 66
797 58
798 39
799 33
800 72
