1 
5 
70 28 
39 
46 45 34 35 
47 
48 
59 
63 
65 
66 
72 
26 
73 50 79 22 74 61 57 49 
24 
33 
17 

1 65
2 26
3 48
4 33
5 63
6 65
7 63
8 39
9 63
10 47
11 17
12 24
13 5
14 72
15 24
16 48
17 72
18 72
19 24
20 5
21 17
22 26
23 17
24 1
25 48
26 48
27 63
28 26
29 39
30 39
31 24
32 46
33 65
34 48
35 17
36 24
37 28
38 33
39 1
40 28
41 5
42 1
43 72
44 5
45 66
46 59
47 48
48 66
49 39
50 48
51 26
52 24
53 26
54 47
55 5
56 28
57 39
58 28
59 5
60 63
61 79
62 48
63 59
64 47
65 17
66 33
67 47
68 65
69 26
70 47
71 24
72 57
73 28
74 46
75 66
76 1
77 39
78 59
79 33
80 66
81 1
82 59
83 28
84 63
85 59
86 46
87 28
88 63
89 26
90 47
91 79
92 63
93 1
94 17
95 39
96 33
97 72
98 46
99 74
100 49
101 28
102 72
103 72
104 5
105 33
106 26
107 65
108 24
109 35
110 24
111 28
112 79
113 72
114 48
115 28
116 72
117 39
118 17
119 48
120 65
121 66
122 72
123 46
124 5
125 33
126 17
127 63
128 17
129 1
130 47
131 48
132 1
133 17
134 63
135 72
136 63
137 72
138 66
139 39
140 48
141 24
142 24
143 26
144 47
145 33
146 17
147 65
148 59
149 63
150 1
151 39
152 1
153 24
154 66
155 63
156 66
157 65
158 1
159 5
160 66
161 66
162 59
163 48
164 46
165 72
166 66
167 65
168 59
169 39
170 72
171 65
172 72
173 59
174 72
175 39
176 17
177 59
178 46
179 39
180 47
181 72
182 5
183 28
184 59
185 48
186 65
187 66
188 48
189 66
190 24
191 70
192 47
193 1
194 39
195 5
196 46
197 33
198 72
199 28
200 72
201 46
202 63
203 39
204 48
205 47
206 72
207 72
208 1
209 47
210 63
211 26
212 46
213 5
214 59
215 1
216 17
217 47
218 39
219 17
220 5
221 65
222 74
223 46
224 66
225 63
226 5
227 39
228 26
229 17
230 33
231 39
232 39
233 47
234 24
235 17
236 46
237 1
238 33
239 1
240 1
241 5
242 47
243 33
244 39
245 65
246 63
247 5
248 1
249 46
250 63
251 63
252 48
253 48
254 1
255 72
256 66
257 17
258 24
259 47
260 47
261 70
262 33
263 5
264 65
265 59
266 59
267 39
268 28
269 47
270 26
271 5
272 28
273 66
274 26
275 1
276 63
277 33
278 65
279 46
280 63
281 63
282 33
283 24
284 59
285 39
286 39
287 63
288 26
289 63
290 59
291 63
292 65
293 46
294 66
295 48
296 46
297 66
298 26
299 72
300 72
301 5
302 33
303 28
304 66
305 28
306 1
307 66
308 47
309 59
310 47
311 63
312 5
313 5
314 59
315 24
316 17
317 63
318 48
319 28
320 65
321 63
322 17
323 66
324 72
325 1
326 59
327 66
328 24
329 66
330 66
331 5
332 24
333 45
334 48
335 28
336 26
337 66
338 17
339 28
340 46
341 46
342 28
343 28
344 34
345 26
346 46
347 1
348 48
349 72
350 46
351 26
352 66
353 39
354 26
355 26
356 24
357 17
358 48
359 72
360 65
361 24
362 65
363 63
364 47
365 17
366 66
367 22
368 1
369 72
370 66
371 24
372 48
373 17
374 65
375 33
376 66
377 46
378 28
379 17
380 47
381 48
382 72
383 47
384 59
385 65
386 47
387 33
388 49
389 1
390 48
391 26
392 47
393 65
394 28
395 48
396 47
397 48
398 72
399 39
400 24
401 65
402 72
403 46
404 33
405 5
406 26
407 17
408 26
409 72
410 46
411 47
412 39
413 17
414 59
415 5
416 48
417 73
418 63
419 63
420 5
421 26
422 46
423 5
424 26
425 63
426 72
427 47
428 28
429 5
430 33
431 48
432 24
433 24
434 66
435 24
436 24
437 5
438 66
439 24
440 33
441 39
442 59
443 28
444 33
445 26
446 66
447 1
448 59
449 59
450 59
451 17
452 1
453 5
454 24
455 5
456 28
457 28
458 59
459 5
460 1
461 17
462 17
463 24
464 26
465 72
466 17
467 47
468 17
469 28
470 66
471 46
472 1
473 72
474 39
475 5
476 17
477 33
478 24
479 46
480 46
481 39
482 57
483 28
484 28
485 65
486 28
487 17
488 24
489 24
490 1
491 66
492 66
493 1
494 28
495 59
496 59
497 33
498 72
499 5
500 1
501 63
502 28
503 72
504 33
505 5
506 47
507 28
508 59
509 65
510 26
511 49
512 17
513 65
514 26
515 26
516 72
517 28
518 26
519 5
520 26
521 65
522 46
523 5
524 17
525 65
526 39
527 65
528 46
529 59
530 72
531 1
532 26
533 46
534 39
535 39
536 61
537 65
538 47
539 26
540 63
541 48
542 1
543 39
544 65
545 66
546 73
547 65
548 26
549 24
550 66
551 24
552 33
553 65
554 26
555 50
556 47
557 47
558 5
559 59
560 24
561 65
562 39
563 66
564 59
565 33
566 63
567 63
568 65
569 63
570 1
571 26
572 65
573 17
574 72
575 63
576 48
577 39
578 47
579 72
580 24
581 48
582 59
583 17
584 24
585 63
586 39
587 33
588 63
589 72
590 47
591 65
592 65
593 66
594 59
595 17
596 26
597 17
598 33
599 48
600 63
601 1
602 28
603 48
604 47
605 39
606 24
607 33
608 59
609 5
610 47
611 5
612 66
613 49
614 26
615 39
616 17
617 1
618 46
619 1
620 66
621 24
622 66
623 47
624 65
625 59
626 46
627 46
628 59
629 65
630 63
631 33
632 48
633 1
634 17
635 48
636 39
637 47
638 28
639 46
640 48
641 5
642 1
643 26
644 26
645 26
646 39
647 39
648 1
649 47
650 59
651 46
652 28
653 28
654 72
655 59
656 33
657 66
658 59
659 63
660 47
661 66
662 59
663 72
664 17
665 26
666 5
667 1
668 59
669 5
670 1
671 33
672 46
673 17
674 72
675 5
676 33
677 33
678 1
679 63
680 1
681 46
682 39
683 1
684 66
685 65
686 28
687 48
688 65
689 46
690 63
691 46
692 24
693 47
694 39
695 59
696 63
697 63
698 24
699 70
700 17
701 57
702 66
703 47
704 66
705 26
706 74
707 33
708 79
709 24
710 24
711 24
712 17
713 65
714 72
715 24
716 28
717 5
718 46
719 39
720 39
721 5
722 24
723 1
724 28
725 5
726 47
727 1
728 28
729 17
730 46
731 72
732 33
733 5
734 28
735 59
736 33
737 39
738 26
739 33
740 66
741 26
742 33
743 46
744 47
745 63
746 57
747 59
748 65
749 33
750 59
751 47
752 26
753 48
754 33
755 65
756 5
757 39
758 72
759 33
760 47
761 65
762 48
763 63
764 48
765 24
766 39
767 47
768 26
769 63
770 5
771 66
772 33
773 1
774 17
775 65
776 65
777 48
778 26
779 46
780 65
781 28
782 59
783 17
784 39
785 33
786 47
787 5
788 72
789 48
790 46
791 28
792 48
793 24
794 70
795 33
796 33
797 34
798 48
799 72
800 59
