1 
4 
5 
6 
12 
15 
17 
23 
24 
29 
31 
21 64 43 18 66 9 
25 
48 
27 
54 
58 
74 
71 
49 
28 
79 
72 
60 
68 
32 
26 
37 
52 
63 
77 
73 

1 68
2 37
3 25
4 5
5 37
6 15
7 74
8 58
9 18
10 73
11 12
12 24
13 15
14 58
15 48
16 5
17 32
18 48
19 12
20 60
21 6
22 48
23 12
24 25
25 74
26 32
27 24
28 79
29 29
30 79
31 27
32 63
33 4
34 63
35 63
36 48
37 28
38 79
39 29
40 72
41 48
42 73
43 29
44 26
45 72
46 63
47 32
48 68
49 63
50 18
51 77
52 18
53 4
54 32
55 26
56 63
57 6
58 73
59 17
60 1
61 37
62 25
63 1
64 18
65 1
66 58
67 58
68 52
69 17
70 31
71 6
72 6
73 54
74 37
75 77
76 32
77 5
78 37
79 79
80 54
81 25
82 12
83 15
84 18
85 63
86 60
87 63
88 5
89 29
90 60
91 73
92 26
93 1
94 5
95 58
96 52
97 31
98 48
99 74
100 15
101 77
102 79
103 43
104 49
105 15
106 1
107 54
108 23
109 74
110 37
111 74
112 37
113 58
114 79
115 54
116 68
117 6
118 28
119 24
120 77
121 71
122 37
123 73
124 15
125 37
126 25
127 77
128 5
129 63
130 24
131 23
132 12
133 52
134 27
135 74
136 31
137 71
138 1
139 15
140 24
141 79
142 68
143 15
144 60
145 32
146 37
147 26
148 29
149 74
150 18
151 71
152 77
153 79
154 72
155 23
156 24
157 72
158 54
159 24
160 72
161 17
162 5
163 29
164 79
165 23
166 28
167 37
168 71
169 25
170 28
171 17
172 52
173 72
174 74
175 58
176 72
177 18
178 72
179 12
180 32
181 27
182 6
183 73
184 60
185 27
186 9
187 27
188 15
189 74
190 27
191 6
192 77
193 37
194 54
195 72
196 49
197 6
198 25
199 6
200 25
201 28
202 25
203 52
204 60
205 77
206 24
207 68
208 31
209 58
210 31
211 48
212 72
213 79
214 31
215 5
216 68
217 28
218 37
219 72
220 68
221 24
222 49
223 68
224 77
225 23
226 49
227 77
228 52
229 52
230 1
231 72
232 27
233 4
234 29
235 4
236 1
237 29
238 23
239 1
240 58
241 17
242 26
243 28
244 72
245 28
246 63
247 79
248 31
249 25
250 24
251 74
252 28
253 1
254 60
255 6
256 24
257 28
258 6
259 12
260 68
261 1
262 58
263 71
264 4
265 12
266 54
267 23
268 15
269 25
270 12
271 31
272 24
273 71
274 37
275 31
276 18
277 49
278 52
279 58
280 17
281 29
282 58
283 4
284 15
285 71
286 1
287 73
288 72
289 68
290 37
291 37
292 15
293 31
294 37
295 54
296 73
297 52
298 26
299 48
300 25
301 25
302 58
303 25
304 12
305 17
306 48
307 15
308 1
309 32
310 37
311 27
312 29
313 73
314 49
315 52
316 49
317 73
318 17
319 74
320 60
321 37
322 17
323 73
324 63
325 63
326 58
327 73
328 48
329 52
330 28
331 12
332 1
333 23
334 12
335 26
336 60
337 32
338 17
339 32
340 4
341 4
342 79
343 74
344 29
345 52
346 17
347 6
348 6
349 23
350 49
351 6
352 1
353 77
354 54
355 24
356 1
357 28
358 6
359 49
360 52
361 60
362 48
363 73
364 15
365 48
366 77
367 49
368 37
369 77
370 26
371 54
372 12
373 73
374 4
375 60
376 21
377 71
378 29
379 21
380 63
381 72
382 66
383 15
384 71
385 68
386 27
387 4
388 5
389 79
390 29
391 1
392 5
393 21
394 28
395 60
396 58
397 73
398 31
399 79
400 58
401 25
402 5
403 6
404 15
405 54
406 54
407 18
408 32
409 25
410 60
411 31
412 48
413 73
414 54
415 27
416 25
417 37
418 71
419 54
420 52
421 27
422 4
423 24
424 63
425 52
426 23
427 32
428 79
429 4
430 54
431 37
432 49
433 27
434 5
435 12
436 17
437 74
438 32
439 77
440 31
441 32
442 63
443 52
444 37
445 4
446 71
447 73
448 74
449 32
450 26
451 31
452 29
453 1
454 71
455 74
456 17
457 63
458 72
459 4
460 4
461 27
462 48
463 28
464 12
465 17
466 32
467 79
468 60
469 73
470 32
471 52
472 24
473 17
474 52
475 32
476 79
477 32
478 29
479 28
480 27
481 54
482 24
483 60
484 58
485 1
486 25
487 15
488 23
489 79
490 71
491 29
492 79
493 68
494 58
495 49
496 6
497 27
498 23
499 63
500 25
501 49
502 52
503 71
504 23
505 15
506 12
507 49
508 48
509 71
510 31
511 23
512 29
513 49
514 4
515 27
516 28
517 24
518 4
519 71
520 48
521 60
522 6
523 49
524 48
525 73
526 31
527 74
528 23
529 68
530 74
531 18
532 24
533 26
534 54
535 29
536 12
537 71
538 58
539 48
540 68
541 1
542 29
543 60
544 6
545 68
546 26
547 23
548 49
549 74
550 52
551 60
552 63
553 24
554 63
555 18
556 48
557 72
558 31
559 17
560 5
561 77
562 5
563 5
564 4
565 60
566 15
567 74
568 72
569 58
570 23
571 6
572 77
573 48
574 26
575 68
576 79
577 23
578 15
579 12
580 17
581 29
582 27
583 68
584 6
585 29
586 54
587 54
588 77
589 27
590 27
591 63
592 1
593 73
594 1
595 31
596 24
597 77
598 49
599 68
600 27
601 49
602 58
603 64
604 27
605 5
606 29
607 77
608 74
609 52
610 17
611 52
612 72
613 54
614 32
615 72
616 12
617 49
618 26
619 27
620 4
621 25
622 28
623 71
624 48
625 6
626 71
627 68
628 68
629 58
630 60
631 48
632 12
633 31
634 68
635 12
636 71
637 28
638 27
639 74
640 73
641 77
642 15
643 17
644 15
645 77
646 52
647 54
648 26
649 74
650 48
651 26
652 54
653 63
654 68
655 37
656 79
657 28
658 17
659 5
660 18
661 4
662 73
663 6
664 27
665 17
666 5
667 15
668 25
669 17
670 72
671 17
672 23
673 54
674 26
675 77
676 5
677 4
678 28
679 5
680 79
681 54
682 26
683 4
684 63
685 26
686 58
687 24
688 4
689 24
690 73
691 72
692 28
693 5
694 15
695 23
696 29
697 73
698 25
699 60
700 31
701 26
702 49
703 23
704 77
705 31
706 4
707 23
708 26
709 29
710 25
711 31
712 27
713 31
714 63
715 29
716 28
717 60
718 31
719 60
720 18
721 32
722 37
723 49
724 49
725 17
726 26
727 77
728 12
729 17
730 28
731 60
732 77
733 72
734 5
735 1
736 71
737 68
738 18
739 49
740 5
741 72
742 6
743 26
744 48
745 26
746 32
747 12
748 6
749 79
750 32
751 31
752 68
753 5
754 63
755 52
756 71
757 15
758 79
759 28
760 71
761 60
762 23
763 74
764 5
765 71
766 74
767 12
768 49
769 23
770 54
771 24
772 1
773 28
774 79
775 25
776 48
777 32
778 63
779 74
780 18
781 58
782 26
783 1
784 52
785 26
786 68
787 71
788 58
789 24
790 73
791 24
792 72
793 25
794 18
795 18
796 18
797 12
798 32
799 4
800 23
