1 
4 
5 
6 
12 
15 
17 
23 
24 
21 64 43 18 66 9 
25 
27 
28 
29 
31 
48 
49 
52 
54 
58 
60 
77 
68 
71 
79 
26 
37 
72 
32 
63 
73 
74 

1 18
2 60
3 72
4 25
5 49
6 32
7 79
8 24
9 54
10 24
11 79
12 4
13 77
14 58
15 37
16 52
17 4
18 63
19 23
20 5
21 6
22 23
23 17
24 52
25 24
26 32
27 49
28 63
29 68
30 26
31 74
32 73
33 18
34 31
35 26
36 63
37 12
38 52
39 31
40 15
41 48
42 52
43 77
44 12
45 5
46 25
47 17
48 77
49 5
50 26
51 48
52 49
53 52
54 73
55 12
56 48
57 71
58 74
59 4
60 4
61 52
62 1
63 60
64 52
65 27
66 77
67 49
68 26
69 4
70 1
71 27
72 54
73 72
74 79
75 4
76 27
77 32
78 28
79 73
80 68
81 5
82 5
83 49
84 1
85 49
86 73
87 28
88 79
89 1
90 54
91 32
92 48
93 29
94 24
95 37
96 23
97 60
98 72
99 48
100 29
101 29
102 12
103 43
104 6
105 77
106 25
107 77
108 68
109 52
110 12
111 60
112 37
113 74
114 79
115 23
116 74
117 25
118 77
119 63
120 52
121 77
122 12
123 4
124 23
125 60
126 71
127 32
128 24
129 25
130 63
131 26
132 68
133 68
134 63
135 15
136 37
137 32
138 74
139 58
140 48
141 27
142 73
143 17
144 58
145 12
146 74
147 28
148 68
149 54
150 28
151 23
152 54
153 6
154 71
155 49
156 58
157 26
158 49
159 24
160 74
161 49
162 27
163 32
164 6
165 73
166 12
167 31
168 25
169 72
170 54
171 6
172 28
173 48
174 73
175 18
176 28
177 48
178 79
179 18
180 1
181 1
182 60
183 37
184 58
185 23
186 9
187 5
188 58
189 5
190 1
191 73
192 71
193 68
194 17
195 27
196 63
197 26
198 29
199 37
200 1
201 63
202 17
203 25
204 49
205 12
206 26
207 37
208 73
209 77
210 52
211 77
212 5
213 12
214 17
215 1
216 25
217 52
218 77
219 15
220 24
221 17
222 71
223 49
224 17
225 74
226 24
227 58
228 58
229 29
230 63
231 24
232 28
233 37
234 77
235 74
236 72
237 23
238 26
239 58
240 63
241 68
242 4
243 27
244 6
245 5
246 32
247 29
248 1
249 12
250 27
251 37
252 72
253 23
254 28
255 12
256 28
257 79
258 48
259 28
260 60
261 15
262 28
263 12
264 24
265 23
266 72
267 4
268 27
269 27
270 72
271 37
272 79
273 15
274 24
275 32
276 17
277 49
278 54
279 18
280 37
281 6
282 28
283 4
284 79
285 48
286 23
287 60
288 48
289 15
290 63
291 5
292 68
293 74
294 52
295 6
296 71
297 77
298 54
299 58
300 1
301 79
302 1
303 68
304 71
305 73
306 37
307 24
308 29
309 31
310 6
311 29
312 77
313 26
314 12
315 52
316 54
317 48
318 18
319 63
320 52
321 4
322 54
323 12
324 17
325 68
326 32
327 25
328 77
329 52
330 24
331 54
332 23
333 37
334 71
335 63
336 73
337 73
338 72
339 4
340 1
341 29
342 63
343 32
344 52
345 23
346 79
347 48
348 74
349 49
350 29
351 24
352 31
353 15
354 32
355 79
356 6
357 29
358 5
359 73
360 26
361 27
362 29
363 48
364 15
365 52
366 4
367 28
368 18
369 1
370 27
371 37
372 24
373 60
374 29
375 49
376 21
377 74
378 32
379 21
380 54
381 54
382 66
383 49
384 79
385 68
386 72
387 6
388 12
389 68
390 72
391 28
392 58
393 21
394 29
395 17
396 58
397 48
398 5
399 73
400 49
401 5
402 58
403 32
404 49
405 6
406 79
407 72
408 74
409 60
410 25
411 48
412 58
413 17
414 77
415 77
416 17
417 12
418 4
419 24
420 68
421 63
422 31
423 15
424 15
425 26
426 4
427 68
428 6
429 37
430 63
431 32
432 28
433 71
434 28
435 5
436 58
437 52
438 37
439 29
440 31
441 77
442 31
443 54
444 79
445 58
446 49
447 58
448 74
449 74
450 58
451 29
452 32
453 23
454 18
455 5
456 25
457 27
458 27
459 54
460 73
461 1
462 63
463 37
464 54
465 26
466 12
467 32
468 72
469 6
470 63
471 60
472 71
473 71
474 27
475 58
476 24
477 31
478 15
479 60
480 31
481 29
482 58
483 6
484 79
485 60
486 31
487 26
488 18
489 17
490 48
491 79
492 25
493 49
494 17
495 31
496 48
497 27
498 4
499 4
500 31
501 6
502 31
503 48
504 15
505 24
506 25
507 79
508 72
509 17
510 4
511 31
512 32
513 15
514 48
515 74
516 68
517 29
518 52
519 24
520 37
521 31
522 68
523 4
524 48
525 17
526 77
527 37
528 71
529 74
530 72
531 23
532 25
533 26
534 72
535 12
536 5
537 71
538 28
539 24
540 74
541 6
542 54
543 15
544 32
545 26
546 26
547 71
548 60
549 27
550 60
551 63
552 23
553 17
554 73
555 12
556 71
557 28
558 23
559 37
560 72
561 28
562 54
563 1
564 63
565 29
566 32
567 5
568 72
569 18
570 26
571 29
572 49
573 5
574 63
575 79
576 6
577 77
578 71
579 31
580 54
581 17
582 60
583 26
584 48
585 6
586 15
587 29
588 12
589 5
590 27
591 74
592 37
593 23
594 54
595 15
596 24
597 72
598 17
599 54
600 68
601 49
602 27
603 64
604 60
605 31
606 71
607 49
608 27
609 73
610 28
611 52
612 24
613 4
614 1
615 28
616 72
617 25
618 74
619 60
620 28
621 25
622 73
623 72
624 1
625 68
626 77
627 15
628 73
629 1
630 32
631 54
632 12
633 18
634 4
635 48
636 26
637 27
638 15
639 23
640 74
641 72
642 29
643 28
644 24
645 1
646 54
647 29
648 6
649 71
650 4
651 18
652 26
653 23
654 31
655 37
656 68
657 73
658 5
659 4
660 18
661 79
662 1
663 23
664 15
665 71
666 24
667 1
668 32
669 1
670 77
671 27
672 26
673 77
674 15
675 31
676 12
677 23
678 15
679 68
680 18
681 73
682 1
683 17
684 49
685 74
686 37
687 6
688 52
689 28
690 6
691 6
692 58
693 58
694 12
695 32
696 52
697 15
698 73
699 31
700 60
701 25
702 49
703 15
704 5
705 71
706 68
707 23
708 18
709 58
710 68
711 25
712 6
713 52
714 15
715 25
716 74
717 31
718 60
719 63
720 32
721 74
722 63
723 18
724 37
725 71
726 25
727 31
728 71
729 79
730 5
731 1
732 58
733 17
734 37
735 29
736 25
737 79
738 79
739 27
740 17
741 71
742 60
743 49
744 63
745 52
746 17
747 23
748 24
749 72
750 72
751 17
752 74
753 60
754 18
755 5
756 5
757 71
758 79
759 71
760 54
761 32
762 28
763 23
764 73
765 27
766 31
767 25
768 5
769 60
770 48
771 26
772 73
773 54
774 15
775 27
776 77
777 18
778 29
779 12
780 48
781 60
782 4
783 68
784 60
785 73
786 25
787 68
788 25
789 26
790 26
791 6
792 79
793 31
794 77
795 4
796 25
797 72
798 52
799 58
800 63
