62 55 36 1 
19 76 57 58 25 
21 53 20 15 23 
70 35 11 38 
28 37 17 5 24 
49 4 34 6 77 
42 9 3 71 46 
43 63 22 33 
65 14 27 41 52 
59 44 47 45 40 
60 13 29 54 18 
69 32 8 72 
39 79 61 73 
10 68 30 48 74 
75 56 67 2 12 
51 16 78 7 50 
80 66 31 64 

1 46
2 36
3 1
4 1
5 46
6 1
7 36
8 1
9 1
10 46
11 18
12 18
13 34
14 2
15 4
16 75
17 2
18 4
19 6
20 54
21 3
22 3
23 3
24 3
25 3
26 55
27 3
28 3
29 3
30 3
31 54
32 49
33 18
34 6
35 29
36 2
37 12
38 54
39 2
40 49
41 13
42 24
43 11
44 45
45 5
46 11
47 5
48 11
49 24
50 24
51 2
52 6
53 6
54 6
55 6
56 2
57 12
58 29
59 12
60 54
61 27
62 31
63 7
64 22
65 31
66 7
67 63
68 31
69 31
70 33
71 25
72 72
73 8
74 25
75 21
76 28
77 8
78 19
79 8
80 8
81 9
82 9
83 76
84 62
85 9
86 9
87 62
88 42
89 9
90 62
91 10
92 68
93 10
94 27
95 10
96 68
97 27
98 16
99 68
100 78
101 11
102 24
103 11
104 35
105 5
106 45
107 11
108 24
109 24
110 5
111 12
112 34
113 2
114 12
115 54
116 6
117 34
118 4
119 54
120 4
121 11
122 17
123 13
124 5
125 54
126 5
127 37
128 5
129 13
130 5
131 30
132 30
133 30
134 65
135 14
136 10
137 68
138 10
139 10
140 14
141 20
142 23
143 23
144 20
145 20
146 80
147 15
148 80
149 80
150 20
151 27
152 41
153 16
154 16
155 52
156 52
157 16
158 78
159 10
160 78
161 38
162 45
163 38
164 34
165 37
166 37
167 77
168 13
169 13
170 17
171 60
172 2
173 54
174 38
175 49
176 49
177 77
178 38
179 38
180 60
181 74
182 21
183 51
184 19
185 19
186 19
187 74
188 19
189 65
190 19
191 20
192 20
193 44
194 80
195 15
196 20
197 80
198 15
199 15
200 20
201 21
202 53
203 69
204 40
205 53
206 53
207 52
208 72
209 72
210 40
211 63
212 63
213 7
214 22
215 63
216 22
217 63
218 22
219 63
220 63
221 80
222 80
223 41
224 80
225 66
226 23
227 80
228 31
229 66
230 23
231 5
232 11
233 45
234 17
235 38
236 37
237 24
238 24
239 38
240 13
241 49
242 72
243 25
244 25
245 49
246 25
247 49
248 25
249 56
250 58
251 40
252 38
253 45
254 39
255 39
256 11
257 61
258 72
259 39
260 11
261 27
262 27
263 78
264 14
265 78
266 10
267 10
268 22
269 50
270 27
271 28
272 28
273 28
274 28
275 49
276 8
277 25
278 25
279 49
280 49
281 29
282 29
283 6
284 29
285 29
286 29
287 6
288 54
289 54
290 29
291 30
292 10
293 68
294 68
295 30
296 14
297 14
298 68
299 68
300 68
301 33
302 31
303 41
304 31
305 7
306 33
307 31
308 33
309 66
310 31
311 43
312 43
313 21
314 65
315 32
316 16
317 43
318 32
319 52
320 51
321 66
322 33
323 33
324 7
325 33
326 33
327 33
328 31
329 33
330 33
331 34
332 34
333 12
334 67
335 34
336 4
337 2
338 34
339 54
340 2
341 61
342 5
343 35
344 24
345 35
346 11
347 35
348 61
349 79
350 11
351 36
352 1
353 36
354 1
355 36
356 36
357 1
358 36
359 55
360 1
361 54
362 54
363 11
364 5
365 11
366 5
367 38
368 24
369 60
370 77
371 60
372 11
373 38
374 77
375 60
376 18
377 60
378 24
379 77
380 24
381 45
382 61
383 38
384 39
385 77
386 61
387 39
388 73
389 73
390 39
391 73
392 72
393 21
394 21
395 21
396 40
397 59
398 53
399 40
400 69
401 16
402 78
403 7
404 78
405 64
406 66
407 41
408 41
409 41
410 41
411 9
412 42
413 48
414 9
415 48
416 42
417 48
418 9
419 62
420 76
421 32
422 78
423 65
424 52
425 32
426 78
427 43
428 32
429 51
430 43
431 44
432 44
433 73
434 59
435 44
436 70
437 44
438 20
439 73
440 59
441 35
442 45
443 77
444 39
445 35
446 45
447 39
448 79
449 11
450 45
451 46
452 46
453 56
454 56
455 1
456 46
457 46
458 46
459 46
460 46
461 61
462 47
463 79
464 61
465 61
466 70
467 61
468 70
469 79
470 79
471 48
472 42
473 48
474 9
475 42
476 62
477 9
478 9
479 9
480 48
481 49
482 2
483 49
484 28
485 25
486 18
487 25
488 34
489 38
490 2
491 41
492 50
493 41
494 50
495 50
496 41
497 7
498 43
499 23
500 78
501 43
502 51
503 32
504 43
505 32
506 32
507 43
508 32
509 43
510 43
511 69
512 69
513 69
514 69
515 51
516 51
517 32
518 65
519 32
520 32
521 21
522 59
523 21
524 53
525 53
526 53
527 53
528 59
529 53
530 40
531 54
532 29
533 17
534 17
535 54
536 12
537 17
538 18
539 54
540 13
541 71
542 71
543 71
544 55
545 57
546 71
547 57
548 55
549 57
550 55
551 67
552 56
553 46
554 67
555 46
556 56
557 75
558 56
559 67
560 56
561 71
562 55
563 76
564 36
565 57
566 55
567 55
568 36
569 36
570 1
571 25
572 25
573 58
574 58
575 8
576 25
577 25
578 25
579 25
580 58
581 53
582 73
583 53
584 73
585 53
586 39
587 59
588 53
589 59
590 44
591 37
592 18
593 24
594 77
595 60
596 77
597 77
598 60
599 17
600 60
601 79
602 44
603 44
604 45
605 45
606 61
607 70
608 44
609 70
610 61
611 9
612 76
613 74
614 42
615 48
616 76
617 62
618 62
619 57
620 62
621 63
622 63
623 63
624 63
625 63
626 22
627 63
628 63
629 63
630 22
631 50
632 80
633 64
634 50
635 78
636 50
637 50
638 23
639 50
640 64
641 65
642 65
643 52
644 65
645 65
646 19
647 43
648 74
649 30
650 32
651 41
652 23
653 66
654 66
655 31
656 66
657 33
658 66
659 33
660 31
661 75
662 67
663 67
664 75
665 67
666 67
667 67
668 56
669 67
670 4
671 14
672 68
673 14
674 10
675 14
676 10
677 30
678 30
679 30
680 14
681 69
682 32
683 19
684 8
685 69
686 69
687 32
688 21
689 21
690 51
691 79
692 47
693 70
694 79
695 47
696 70
697 61
698 47
699 61
700 61
701 57
702 55
703 36
704 55
705 36
706 71
707 55
708 9
709 55
710 57
711 21
712 40
713 72
714 8
715 8
716 72
717 40
718 38
719 21
720 72
721 59
722 39
723 59
724 39
725 73
726 73
727 39
728 59
729 39
730 39
731 9
732 69
733 19
734 74
735 19
736 74
737 76
738 76
739 19
740 74
741 67
742 75
743 2
744 67
745 75
746 56
747 58
748 67
749 67
750 75
751 42
752 57
753 76
754 62
755 76
756 62
757 9
758 62
759 62
760 58
761 60
762 60
763 37
764 17
765 11
766 17
767 24
768 77
769 24
770 45
771 50
772 50
773 78
774 14
775 78
776 27
777 78
778 50
779 78
780 27
781 79
782 45
783 79
784 11
785 45
786 79
787 11
788 79
789 79
790 35
791 23
792 23
793 64
794 66
795 23
796 80
797 64
798 23
799 64
800 80
