1 
6 
18 
12 13 35 66 77 2 5 31 
22 
23 
14 
15 
19 
33 30 7 10 16 37 
9 
42 
43 
61 
11 
41 72 36 32 58 
60 
39 38 
68 29 51 64 
57 
65 
40 3 44 56 62 71 
70 
75 74 4 25 
76 
69 
27 54 
21 
45 
53 
67 
78 
79 

1 65
2 9
3 23
4 1
5 1
6 19
7 1
8 6
9 70
10 1
11 23
12 2
13 54
14 21
15 41
16 45
17 41
18 42
19 19
20 23
21 75
22 1
23 69
24 53
25 25
26 1
27 75
28 43
29 69
30 69
31 53
32 65
33 43
34 53
35 40
36 65
37 69
38 65
39 1
40 40
41 19
42 68
43 70
44 29
45 78
46 14
47 79
48 60
49 19
50 61
51 60
52 23
53 6
54 14
55 69
56 6
57 70
58 60
59 60
60 53
61 33
62 22
63 33
64 33
65 22
66 57
67 76
68 39
69 22
70 18
71 25
72 25
73 44
74 25
75 53
76 3
77 25
78 53
79 74
80 4
81 14
82 14
83 67
84 22
85 11
86 70
87 14
88 43
89 9
90 76
91 43
92 16
93 16
94 9
95 11
96 57
97 79
98 38
99 67
100 38
101 70
102 57
103 79
104 70
105 65
106 15
107 11
108 15
109 79
110 43
111 6
112 6
113 54
114 66
115 54
116 35
117 27
118 1
119 23
120 54
121 66
122 21
123 23
124 23
125 66
126 66
127 45
128 41
129 15
130 23
131 11
132 9
133 65
134 70
135 67
136 21
137 1
138 67
139 9
140 43
141 65
142 61
143 21
144 21
145 60
146 14
147 19
148 9
149 33
150 78
151 9
152 57
153 57
154 7
155 18
156 18
157 57
158 38
159 67
160 57
161 53
162 43
163 6
164 40
165 40
166 56
167 43
168 25
169 69
170 25
171 11
172 11
173 67
174 57
175 67
176 22
177 19
178 11
179 9
180 70
181 19
182 45
183 45
184 70
185 18
186 19
187 42
188 21
189 60
190 15
191 1
192 1
193 69
194 69
195 6
196 1
197 60
198 6
199 6
200 60
201 79
202 45
203 60
204 79
205 78
206 9
207 78
208 45
209 14
210 76
211 14
212 19
213 67
214 45
215 15
216 67
217 22
218 70
219 76
220 9
221 60
222 61
223 23
224 70
225 70
226 23
227 15
228 15
229 15
230 19
231 11
232 19
233 31
234 78
235 9
236 78
237 31
238 60
239 19
240 18
241 53
242 69
243 9
244 9
245 25
246 40
247 65
248 69
249 39
250 14
251 15
252 78
253 61
254 61
255 68
256 78
257 36
258 33
259 33
260 45
261 23
262 1
263 1
264 27
265 27
266 6
267 27
268 19
269 15
270 6
271 69
272 6
273 6
274 75
275 1
276 69
277 75
278 1
279 6
280 53
281 11
282 79
283 11
284 76
285 61
286 79
287 68
288 29
289 22
290 18
291 11
292 29
293 22
294 33
295 11
296 22
297 9
298 70
299 42
300 33
301 79
302 76
303 70
304 61
305 68
306 61
307 15
308 14
309 70
310 32
311 32
312 30
313 32
314 36
315 58
316 32
317 29
318 58
319 36
320 5
321 33
322 22
323 29
324 67
325 70
326 11
327 14
328 45
329 22
330 57
331 61
332 6
333 12
334 54
335 13
336 13
337 54
338 54
339 54
340 23
341 78
342 60
343 9
344 78
345 41
346 66
347 66
348 54
349 45
350 41
351 61
352 61
353 5
354 58
355 21
356 68
357 5
358 45
359 32
360 68
361 37
362 19
363 79
364 38
365 67
366 57
367 22
368 11
369 43
370 67
371 18
372 79
373 43
374 38
375 11
376 22
377 22
378 38
379 9
380 57
381 18
382 79
383 18
384 57
385 65
386 14
387 9
388 57
389 65
390 67
391 65
392 69
393 65
394 39
395 43
396 43
397 39
398 39
399 40
400 69
401 79
402 78
403 78
404 60
405 42
406 21
407 45
408 19
409 61
410 42
411 23
412 15
413 19
414 60
415 23
416 76
417 61
418 60
419 21
420 60
421 79
422 15
423 39
424 18
425 18
426 43
427 11
428 18
429 9
430 14
431 39
432 4
433 40
434 53
435 3
436 69
437 69
438 25
439 69
440 25
441 15
442 45
443 60
444 76
445 21
446 45
447 11
448 23
449 23
450 61
451 78
452 61
453 61
454 21
455 68
456 67
457 21
458 61
459 21
460 21
461 76
462 18
463 57
464 11
465 22
466 37
467 57
468 29
469 51
470 79
471 14
472 69
473 6
474 1
475 1
476 6
477 53
478 15
479 23
480 69
481 38
482 39
483 57
484 38
485 22
486 18
487 7
488 38
489 65
490 38
491 40
492 40
493 75
494 75
495 40
496 1
497 25
498 25
499 25
500 3
501 9
502 33
503 29
504 29
505 22
506 76
507 67
508 51
509 18
510 51
511 45
512 45
513 42
514 76
515 19
516 77
517 60
518 61
519 79
520 42
521 65
522 18
523 70
524 65
525 39
526 53
527 53
528 65
529 65
530 43
531 6
532 60
533 14
534 15
535 6
536 42
537 54
538 23
539 60
540 15
541 23
542 13
543 27
544 27
545 54
546 13
547 41
548 54
549 42
550 60
551 53
552 39
553 69
554 40
555 65
556 53
557 53
558 40
559 25
560 43
561 22
562 18
563 76
564 70
565 9
566 19
567 9
568 18
569 43
570 76
571 58
572 58
573 36
574 72
575 68
576 31
577 31
578 42
579 78
580 31
581 54
582 42
583 42
584 6
585 27
586 23
587 54
588 54
589 54
590 1
591 33
592 14
593 42
594 42
595 23
596 78
597 79
598 14
599 78
600 60
601 70
602 76
603 45
604 61
605 42
606 19
607 76
608 67
609 76
610 14
611 57
612 39
613 71
614 62
615 65
616 62
617 62
618 65
619 65
620 43
621 21
622 76
623 61
624 76
625 61
626 21
627 61
628 61
629 72
630 78
631 57
632 29
633 67
634 22
635 67
636 22
637 18
638 7
639 29
640 67
641 18
642 65
643 67
644 43
645 9
646 67
647 11
648 11
649 22
650 79
651 21
652 42
653 60
654 42
655 15
656 45
657 42
658 61
659 15
660 21
661 57
662 57
663 76
664 18
665 22
666 76
667 43
668 15
669 18
670 45
671 78
672 45
673 79
674 79
675 70
676 21
677 33
678 11
679 21
680 45
681 1
682 53
683 1
684 19
685 1
686 53
687 53
688 69
689 40
690 19
691 65
692 70
693 14
694 45
695 57
696 19
697 19
698 21
699 11
700 53
701 14
702 43
703 57
704 11
705 39
706 14
707 43
708 9
709 18
710 43
711 21
712 68
713 42
714 21
715 61
716 11
717 68
718 32
719 36
720 31
721 27
722 66
723 41
724 45
725 23
726 42
727 42
728 66
729 42
730 23
731 69
732 53
733 1
734 75
735 69
736 39
737 40
738 40
739 1
740 60
741 6
742 54
743 53
744 75
745 6
746 14
747 6
748 6
749 69
750 6
751 15
752 79
753 22
754 43
755 79
756 67
757 78
758 67
759 70
760 70
761 42
762 21
763 78
764 23
765 60
766 15
767 78
768 76
769 78
770 42
771 19
772 76
773 15
774 9
775 76
776 14
777 42
778 76
779 78
780 67
781 18
782 15
783 79
784 22
785 43
786 14
787 78
788 79
789 70
790 45
791 38
792 18
793 10
794 10
795 57
796 64
797 16
798 16
799 57
800 37
