1 
6 
9 
11 
14 
15 
18 
19 
21 
22 
23 
27 12 13 35 2 77 66 
31 5 
39 7 30 33 
38 10 16 37 
42 
43 
45 
53 
54 
61 
41 72 36 32 58 
57 
60 
65 
69 
70 
71 62 40 56 44 3 74 
67 
68 29 51 64 
25 4 75 
76 
78 
79 

1 14
2 21
3 19
4 69
5 6
6 14
7 53
8 1
9 19
10 1
11 78
12 2
13 54
14 78
15 21
16 21
17 41
18 60
19 70
20 23
21 40
22 1
23 69
24 23
25 25
26 53
27 75
28 40
29 69
30 40
31 53
32 79
33 65
34 40
35 40
36 1
37 23
38 65
39 69
40 53
41 33
42 68
43 61
44 31
45 78
46 15
47 67
48 33
49 60
50 61
51 42
52 1
53 6
54 60
55 69
56 19
57 6
58 19
59 60
60 53
61 22
62 22
63 33
64 33
65 9
66 9
67 70
68 67
69 22
70 65
71 25
72 25
73 44
74 69
75 53
76 3
77 25
78 53
79 74
80 4
81 79
82 61
83 9
84 14
85 15
86 70
87 70
88 9
89 19
90 18
91 43
92 16
93 16
94 11
95 9
96 57
97 79
98 38
99 18
100 38
101 57
102 43
103 78
104 11
105 14
106 79
107 67
108 14
109 70
110 9
111 6
112 6
113 54
114 77
115 54
116 35
117 27
118 6
119 21
120 54
121 54
122 45
123 42
124 41
125 54
126 54
127 23
128 66
129 19
130 60
131 45
132 19
133 43
134 76
135 57
136 60
137 1
138 79
139 9
140 18
141 76
142 11
143 60
144 15
145 21
146 15
147 19
148 78
149 67
150 23
151 22
152 57
153 18
154 7
155 11
156 57
157 9
158 38
159 67
160 65
161 53
162 65
163 69
164 69
165 69
166 56
167 39
168 25
169 53
170 40
171 15
172 11
173 18
174 11
175 67
176 65
177 43
178 70
179 67
180 15
181 14
182 22
183 14
184 43
185 11
186 9
187 60
188 15
189 79
190 19
191 6
192 1
193 1
194 1
195 6
196 6
197 42
198 60
199 6
200 19
201 70
202 61
203 14
204 79
205 45
206 19
207 42
208 78
209 19
210 42
211 22
212 9
213 18
214 45
215 70
216 65
217 9
218 11
219 70
220 11
221 19
222 15
223 79
224 61
225 9
226 6
227 9
228 14
229 79
230 15
231 70
232 42
233 42
234 61
235 70
236 15
237 21
238 45
239 21
240 57
241 53
242 6
243 65
244 57
245 69
246 40
247 43
248 40
249 65
250 15
251 45
252 60
253 45
254 61
255 68
256 78
257 31
258 31
259 76
260 45
261 42
262 1
263 1
264 27
265 27
266 1
267 27
268 23
269 45
270 23
271 69
272 6
273 1
274 75
275 1
276 1
277 75
278 1
279 69
280 53
281 76
282 18
283 22
284 76
285 61
286 78
287 33
288 29
289 76
290 22
291 76
292 29
293 22
294 33
295 76
296 22
297 11
298 19
299 18
300 33
301 78
302 45
303 61
304 78
305 31
306 61
307 33
308 70
309 78
310 68
311 32
312 30
313 61
314 36
315 58
316 32
317 29
318 58
319 31
320 5
321 33
322 33
323 29
324 33
325 9
326 22
327 15
328 43
329 67
330 11
331 78
332 54
333 12
334 66
335 13
336 13
337 6
338 23
339 54
340 54
341 23
342 61
343 70
344 42
345 41
346 77
347 66
348 54
349 45
350 41
351 78
352 21
353 5
354 31
355 61
356 68
357 31
358 76
359 31
360 68
361 37
362 19
363 70
364 38
365 18
366 57
367 67
368 67
369 43
370 11
371 11
372 79
373 18
374 38
375 79
376 11
377 76
378 38
379 9
380 18
381 57
382 70
383 18
384 43
385 43
386 14
387 18
388 57
389 57
390 22
391 65
392 69
393 39
394 43
395 39
396 57
397 39
398 39
399 53
400 69
401 76
402 42
403 78
404 42
405 19
406 14
407 61
408 19
409 78
410 45
411 76
412 79
413 14
414 42
415 60
416 60
417 76
418 60
419 14
420 45
421 14
422 78
423 43
424 57
425 57
426 76
427 11
428 57
429 79
430 22
431 39
432 4
433 40
434 53
435 3
436 53
437 1
438 25
439 69
440 25
441 15
442 42
443 45
444 67
445 42
446 79
447 18
448 61
449 60
450 78
451 19
452 61
453 21
454 21
455 31
456 67
457 21
458 31
459 21
460 61
461 43
462 18
463 76
464 67
465 18
466 37
467 57
468 29
469 51
470 79
471 79
472 25
473 54
474 6
475 6
476 6
477 53
478 15
479 23
480 69
481 38
482 57
483 67
484 38
485 67
486 67
487 7
488 38
489 9
490 38
491 40
492 69
493 75
494 75
495 69
496 69
497 69
498 75
499 25
500 3
501 14
502 22
503 29
504 29
505 22
506 79
507 22
508 51
509 43
510 51
511 45
512 61
513 45
514 42
515 19
516 77
517 23
518 23
519 14
520 61
521 43
522 18
523 15
524 65
525 43
526 53
527 53
528 43
529 43
530 9
531 54
532 61
533 79
534 60
535 54
536 23
537 23
538 23
539 42
540 14
541 54
542 13
543 27
544 27
545 54
546 13
547 41
548 66
549 6
550 23
551 40
552 65
553 53
554 25
555 65
556 53
557 40
558 40
559 25
560 65
561 23
562 15
563 79
564 18
565 76
566 14
567 22
568 18
569 9
570 67
571 58
572 58
573 36
574 31
575 68
576 31
577 68
578 78
579 22
580 31
581 6
582 1
583 60
584 23
585 27
586 6
587 54
588 54
589 6
590 1
591 67
592 79
593 45
594 78
595 23
596 14
597 76
598 15
599 78
600 45
601 14
602 67
603 42
604 21
605 45
606 76
607 22
608 67
609 45
610 60
611 57
612 39
613 71
614 62
615 65
616 62
617 62
618 43
619 65
620 65
621 21
622 76
623 61
624 45
625 22
626 78
627 78
628 61
629 72
630 45
631 18
632 29
633 22
634 9
635 67
636 9
637 18
638 7
639 33
640 22
641 9
642 65
643 18
644 65
645 67
646 11
647 9
648 15
649 57
650 76
651 60
652 60
653 76
654 45
655 14
656 19
657 60
658 14
659 15
660 23
661 22
662 70
663 22
664 18
665 67
666 11
667 11
668 9
669 14
670 70
671 21
672 19
673 11
674 76
675 11
676 45
677 31
678 76
679 21
680 60
681 1
682 15
683 53
684 23
685 1
686 53
687 1
688 1
689 53
690 19
691 67
692 18
693 70
694 70
695 42
696 11
697 14
698 79
699 70
700 6
701 43
702 65
703 79
704 43
705 39
706 57
707 43
708 9
709 9
710 43
711 21
712 5
713 76
714 21
715 78
716 76
717 68
718 31
719 31
720 68
721 27
722 41
723 66
724 60
725 42
726 42
727 23
728 66
729 42
730 14
731 53
732 69
733 53
734 75
735 69
736 53
737 40
738 69
739 23
740 23
741 6
742 6
743 1
744 75
745 6
746 19
747 69
748 1
749 69
750 40
751 70
752 42
753 15
754 15
755 65
756 79
757 78
758 57
759 57
760 22
761 15
762 60
763 42
764 23
765 42
766 15
767 60
768 60
769 61
770 78
771 45
772 61
773 61
774 11
775 11
776 79
777 42
778 70
779 15
780 70
781 43
782 11
783 18
784 67
785 11
786 70
787 33
788 70
789 79
790 19
791 38
792 57
793 10
794 10
795 57
796 64
797 16
798 16
799 43
800 37
