1 
9 
11 
14 
15 
18 
19 
21 
22 
23 
27 12 13 35 2 77 66 
31 5 
38 39 
33 30 7 10 16 37 
42 
43 
45 
53 
6 
54 
61 
41 72 36 32 58 
57 
60 
25 4 75 
65 
69 
70 
71 62 40 56 44 3 74 
67 
68 29 51 64 
76 
78 
79 

1 76
2 11
3 78
4 53
5 1
6 1
7 53
8 6
9 79
10 23
11 45
12 2
13 54
14 42
15 21
16 45
17 41
18 45
19 60
20 60
21 40
22 69
23 40
24 53
25 25
26 1
27 75
28 69
29 53
30 53
31 6
32 65
33 65
34 53
35 40
36 65
37 23
38 39
39 53
40 40
41 14
42 68
43 60
44 31
45 61
46 78
47 9
48 61
49 60
50 78
51 19
52 1
53 69
54 23
55 1
56 19
57 45
58 23
59 15
60 69
61 22
62 22
63 33
64 33
65 9
66 11
67 76
68 57
69 22
70 57
71 25
72 25
73 44
74 25
75 53
76 3
77 25
78 53
79 74
80 4
81 67
82 45
83 9
84 70
85 61
86 15
87 76
88 11
89 79
90 15
91 57
92 16
93 16
94 57
95 22
96 57
97 18
98 38
99 57
100 38
101 79
102 15
103 70
104 11
105 19
106 18
107 11
108 70
109 14
110 9
111 6
112 1
113 54
114 77
115 54
116 35
117 27
118 1
119 23
120 54
121 54
122 60
123 45
124 23
125 66
126 54
127 41
128 66
129 70
130 42
131 19
132 11
133 14
134 9
135 57
136 60
137 23
138 9
139 14
140 14
141 15
142 22
143 23
144 79
145 45
146 60
147 79
148 76
149 61
150 15
151 79
152 57
153 57
154 7
155 67
156 57
157 43
158 38
159 9
160 65
161 53
162 65
163 6
164 69
165 53
166 56
167 53
168 25
169 53
170 25
171 79
172 11
173 67
174 11
175 67
176 14
177 15
178 14
179 67
180 11
181 9
182 18
183 15
184 76
185 79
186 42
187 15
188 61
189 43
190 15
191 54
192 6
193 69
194 23
195 6
196 6
197 45
198 19
199 6
200 60
201 67
202 21
203 19
204 67
205 60
206 9
207 78
208 21
209 60
210 19
211 79
212 19
213 79
214 70
215 67
216 18
217 79
218 43
219 57
220 19
221 19
222 70
223 14
224 76
225 45
226 42
227 79
228 42
229 14
230 70
231 22
232 45
233 15
234 60
235 14
236 60
237 61
238 60
239 70
240 19
241 69
242 69
243 79
244 43
245 25
246 40
247 43
248 53
249 65
250 45
251 78
252 42
253 61
254 21
255 68
256 21
257 31
258 31
259 19
260 78
261 60
262 69
263 1
264 27
265 27
266 6
267 27
268 42
269 45
270 42
271 6
272 69
273 6
274 75
275 1
276 69
277 75
278 1
279 6
280 1
281 22
282 76
283 67
284 18
285 14
286 76
287 31
288 29
289 67
290 67
291 18
292 29
293 22
294 33
295 11
296 22
297 9
298 79
299 70
300 33
301 70
302 76
303 61
304 78
305 31
306 61
307 70
308 9
309 15
310 68
311 32
312 30
313 31
314 36
315 58
316 32
317 29
318 58
319 31
320 5
321 33
322 22
323 29
324 22
325 14
326 22
327 70
328 14
329 22
330 15
331 23
332 6
333 12
334 54
335 13
336 13
337 54
338 60
339 6
340 23
341 42
342 19
343 79
344 42
345 41
346 66
347 66
348 66
349 70
350 21
351 61
352 61
353 5
354 68
355 61
356 68
357 31
358 33
359 31
360 68
361 38
362 70
363 9
364 38
365 18
366 18
367 43
368 67
369 43
370 11
371 18
372 57
373 43
374 38
375 18
376 11
377 76
378 38
379 57
380 18
381 57
382 79
383 43
384 57
385 14
386 14
387 70
388 43
389 67
390 22
391 43
392 69
393 43
394 65
395 53
396 43
397 39
398 39
399 53
400 40
401 76
402 45
403 21
404 21
405 60
406 70
407 23
408 15
409 33
410 60
411 78
412 11
413 76
414 42
415 23
416 70
417 23
418 6
419 45
420 42
421 14
422 9
423 39
424 57
425 15
426 11
427 11
428 15
429 9
430 67
431 39
432 4
433 40
434 69
435 3
436 69
437 6
438 25
439 40
440 40
441 70
442 76
443 14
444 9
445 61
446 15
447 79
448 45
449 19
450 19
451 78
452 61
453 21
454 21
455 31
456 67
457 78
458 31
459 78
460 21
461 57
462 67
463 33
464 67
465 22
466 37
467 11
468 29
469 51
470 9
471 43
472 25
473 6
474 6
475 1
476 69
477 69
478 70
479 54
480 25
481 57
482 39
483 18
484 38
485 57
486 18
487 7
488 38
489 79
490 38
491 69
492 25
493 75
494 75
495 25
496 1
497 69
498 25
499 69
500 3
501 22
502 22
503 33
504 29
505 9
506 76
507 22
508 51
509 9
510 51
511 45
512 42
513 45
514 33
515 14
516 77
517 42
518 15
519 15
520 78
521 65
522 18
523 70
524 1
525 43
526 69
527 53
528 43
529 65
530 57
531 1
532 78
533 21
534 14
535 54
536 23
537 42
538 23
539 6
540 60
541 54
542 13
543 27
544 27
545 66
546 13
547 41
548 66
549 54
550 60
551 53
552 65
553 53
554 40
555 65
556 39
557 53
558 53
559 25
560 65
561 76
562 67
563 76
564 15
565 18
566 14
567 70
568 43
569 18
570 76
571 58
572 58
573 36
574 68
575 31
576 31
577 31
578 78
579 78
580 68
581 1
582 23
583 42
584 6
585 27
586 6
587 54
588 27
589 1
590 6
591 45
592 76
593 42
594 45
595 42
596 61
597 70
598 61
599 61
600 23
601 79
602 45
603 78
604 31
605 19
606 33
607 67
608 33
609 61
610 23
611 57
612 39
613 71
614 62
615 65
616 62
617 62
618 65
619 65
620 65
621 61
622 11
623 78
624 76
625 61
626 21
627 45
628 78
629 72
630 78
631 18
632 37
633 67
634 18
635 22
636 9
637 18
638 7
639 29
640 67
641 67
642 65
643 18
644 65
645 76
646 57
647 11
648 14
649 67
650 57
651 45
652 60
653 14
654 61
655 60
656 21
657 42
658 42
659 79
660 60
661 18
662 14
663 9
664 11
665 11
666 11
667 76
668 79
669 76
670 19
671 21
672 19
673 22
674 79
675 19
676 78
677 31
678 70
679 21
680 19
681 53
682 43
683 1
684 42
685 69
686 54
687 53
688 23
689 53
690 23
691 9
692 67
693 18
694 11
695 22
696 15
697 19
698 14
699 22
700 6
701 43
702 43
703 79
704 18
705 39
706 11
707 43
708 11
709 79
710 9
711 61
712 5
713 78
714 21
715 78
716 76
717 68
718 31
719 61
720 31
721 27
722 41
723 41
724 6
725 42
726 45
727 23
728 41
729 23
730 61
731 1
732 69
733 53
734 75
735 1
736 43
737 69
738 40
739 1
740 60
741 1
742 69
743 1
744 75
745 6
746 65
747 69
748 54
749 1
750 1
751 43
752 22
753 14
754 11
755 67
756 9
757 22
758 57
759 15
760 15
761 19
762 45
763 78
764 23
765 78
766 23
767 42
768 21
769 42
770 42
771 60
772 78
773 45
774 70
775 79
776 70
777 15
778 60
779 76
780 19
781 9
782 19
783 19
784 18
785 22
786 15
787 9
788 43
789 76
790 61
791 38
792 18
793 10
794 10
795 43
796 64
797 16
798 16
799 57
800 37
