7 58 6 51 74 
9 11 73 47 19 
15 75 70 18 5 
76 41 21 37 
64 22 14 23 
62 44 24 35 
31 36 10 42 48 
39 13 80 43 53 
45 30 8 79 65 
16 38 56 12 
49 78 59 61 50 
66 57 77 32 17 
33 27 29 52 20 
40 46 54 3 28 
55 2 69 34 71 
63 60 4 67 
68 1 25 72 

1 56
2 1
3 1
4 1
5 1
6 72
7 1
8 25
9 1
10 1
11 2
12 2
13 2
14 2
15 2
16 2
17 2
18 2
19 2
20 2
21 3
22 3
23 77
24 3
25 3
26 77
27 3
28 3
29 3
30 3
31 67
32 67
33 4
34 4
35 4
36 67
37 67
38 4
39 67
40 4
41 5
42 24
43 5
44 5
45 5
46 5
47 5
48 24
49 5
50 5
51 6
52 6
53 6
54 6
55 6
56 6
57 6
58 6
59 6
60 6
61 57
62 57
63 7
64 54
65 7
66 7
67 7
68 57
69 7
70 54
71 8
72 8
73 8
74 8
75 8
76 8
77 8
78 8
79 8
80 8
81 9
82 9
83 9
84 9
85 9
86 9
87 9
88 9
89 9
90 9
91 10
92 10
93 10
94 10
95 10
96 10
97 10
98 10
99 10
100 10
101 11
102 64
103 64
104 73
105 11
106 11
107 73
108 11
109 11
110 11
111 12
112 12
113 12
114 12
115 12
116 12
117 12
118 12
119 12
120 12
121 80
122 13
123 80
124 13
125 13
126 13
127 13
128 13
129 80
130 13
131 22
132 22
133 23
134 14
135 22
136 22
137 14
138 22
139 22
140 14
141 15
142 15
143 15
144 75
145 33
146 15
147 15
148 15
149 15
150 15
151 76
152 16
153 76
154 16
155 16
156 76
157 16
158 76
159 76
160 16
161 17
162 17
163 17
164 17
165 74
166 17
167 17
168 17
169 17
170 17
171 18
172 18
173 70
174 18
175 18
176 70
177 18
178 18
179 18
180 18
181 19
182 19
183 19
184 19
185 19
186 19
187 19
188 19
189 19
190 19
191 20
192 20
193 20
194 20
195 52
196 44
197 20
198 44
199 20
200 20
201 21
202 21
203 21
204 21
205 21
206 21
207 21
208 21
209 37
210 21
211 22
212 14
213 22
214 14
215 22
216 22
217 23
218 22
219 22
220 22
221 14
222 23
223 14
224 23
225 14
226 23
227 23
228 23
229 23
230 22
231 24
232 24
233 24
234 24
235 24
236 24
237 24
238 24
239 5
240 24
241 25
242 72
243 25
244 25
245 25
246 25
247 72
248 25
249 72
250 25
251 24
252 24
253 24
254 24
255 24
256 24
257 24
258 24
259 24
260 24
261 27
262 27
263 27
264 27
265 27
266 27
267 27
268 27
269 27
270 27
271 28
272 28
273 9
274 28
275 28
276 28
277 9
278 28
279 28
280 28
281 29
282 29
283 29
284 29
285 29
286 29
287 29
288 29
289 29
290 29
291 30
292 51
293 51
294 30
295 30
296 30
297 30
298 8
299 30
300 30
301 31
302 31
303 60
304 31
305 60
306 31
307 31
308 31
309 60
310 31
311 32
312 32
313 74
314 74
315 74
316 74
317 17
318 74
319 74
320 74
321 15
322 33
323 33
324 33
325 75
326 15
327 33
328 15
329 15
330 15
331 34
332 34
333 34
334 34
335 34
336 34
337 34
338 34
339 34
340 34
341 35
342 35
343 12
344 12
345 12
346 35
347 12
348 35
349 35
350 12
351 36
352 36
353 36
354 10
355 36
356 36
357 36
358 10
359 10
360 36
361 37
362 37
363 37
364 37
365 37
366 37
367 67
368 67
369 37
370 21
371 38
372 68
373 38
374 38
375 38
376 68
377 38
378 38
379 38
380 38
381 39
382 55
383 39
384 39
385 39
386 39
387 55
388 55
389 39
390 55
391 40
392 40
393 40
394 40
395 40
396 40
397 40
398 40
399 40
400 40
401 76
402 76
403 41
404 41
405 76
406 76
407 41
408 41
409 76
410 41
411 42
412 42
413 42
414 42
415 42
416 42
417 42
418 42
419 42
420 42
421 43
422 43
423 43
424 43
425 43
426 43
427 43
428 43
429 43
430 43
431 44
432 20
433 20
434 52
435 52
436 44
437 44
438 44
439 44
440 44
441 45
442 45
443 45
444 45
445 45
446 45
447 45
448 45
449 45
450 45
451 46
452 46
453 46
454 46
455 46
456 46
457 46
458 40
459 40
460 40
461 47
462 22
463 22
464 22
465 22
466 47
467 47
468 47
469 22
470 22
471 48
472 48
473 48
474 48
475 48
476 48
477 60
478 48
479 60
480 48
481 49
482 49
483 49
484 49
485 49
486 23
487 23
488 49
489 49
490 49
491 50
492 50
493 50
494 50
495 50
496 50
497 50
498 50
499 50
500 50
501 51
502 51
503 51
504 51
505 51
506 51
507 51
508 51
509 51
510 30
511 44
512 44
513 52
514 20
515 44
516 44
517 52
518 20
519 20
520 20
521 43
522 53
523 53
524 38
525 53
526 38
527 53
528 53
529 53
530 53
531 57
532 77
533 77
534 77
535 3
536 77
537 54
538 7
539 7
540 7
541 55
542 55
543 39
544 39
545 55
546 39
547 55
548 55
549 55
550 39
551 56
552 38
553 56
554 38
555 56
556 56
557 56
558 56
559 56
560 56
561 7
562 57
563 3
564 54
565 54
566 57
567 57
568 57
569 54
570 3
571 58
572 58
573 58
574 7
575 57
576 7
577 58
578 7
579 58
580 58
581 59
582 78
583 59
584 59
585 59
586 59
587 59
588 59
589 59
590 59
591 60
592 60
593 31
594 60
595 60
596 60
597 31
598 60
599 31
600 60
601 66
602 61
603 61
604 61
605 50
606 61
607 61
608 61
609 50
610 61
611 62
612 62
613 62
614 24
615 62
616 62
617 62
618 62
619 62
620 62
621 63
622 63
623 63
624 63
625 63
626 63
627 63
628 63
629 63
630 63
631 73
632 64
633 64
634 64
635 64
636 64
637 73
638 73
639 73
640 73
641 65
642 65
643 65
644 65
645 65
646 65
647 65
648 65
649 42
650 65
651 66
652 66
653 57
654 61
655 66
656 66
657 57
658 66
659 66
660 66
661 67
662 67
663 67
664 4
665 67
666 67
667 67
668 67
669 67
670 4
671 68
672 68
673 38
674 68
675 38
676 68
677 68
678 68
679 68
680 68
681 69
682 69
683 69
684 69
685 69
686 69
687 69
688 69
689 69
690 69
691 18
692 70
693 18
694 70
695 18
696 18
697 18
698 18
699 18
700 70
701 71
702 71
703 71
704 71
705 71
706 71
707 71
708 71
709 43
710 43
711 56
712 72
713 72
714 56
715 56
716 72
717 25
718 72
719 56
720 56
721 73
722 73
723 73
724 73
725 73
726 11
727 64
728 64
729 73
730 64
731 32
732 32
733 74
734 74
735 32
736 32
737 32
738 74
739 17
740 17
741 33
742 75
743 33
744 33
745 75
746 33
747 75
748 75
749 75
750 75
751 76
752 41
753 76
754 76
755 76
756 76
757 41
758 76
759 16
760 76
761 3
762 3
763 77
764 77
765 3
766 3
767 77
768 77
769 77
770 54
771 78
772 78
773 78
774 78
775 78
776 78
777 78
778 78
779 78
780 78
781 79
782 79
783 79
784 79
785 79
786 79
787 79
788 79
789 79
790 65
791 13
792 80
793 13
794 80
795 80
796 80
797 80
798 80
799 80
800 80
