12 
47 36 2 54 
49 28 
58 35 4 
42 14 7 
55 23 
64 16 
65 69 25 
79 80 

1 55
2 55
3 7
4 16
5 49
6 16
7 12
8 25
9 65
10 64
11 79
12 65
13 7
14 80
15 42
16 58
17 79
18 55
19 80
20 79
21 49
22 7
23 25
24 79
25 65
26 28
27 79
28 49
29 80
30 23
31 80
32 23
33 49
34 42
35 42
36 23
37 7
38 79
39 54
40 64
41 16
42 28
43 28
44 58
45 55
46 35
47 7
48 79
49 16
50 49
51 28
52 36
53 79
54 64
55 12
56 28
57 79
58 36
59 80
60 25
61 47
62 16
63 16
64 49
65 47
66 42
67 36
68 79
69 58
70 65
71 55
72 12
73 28
74 47
75 16
76 23
77 23
78 58
79 42
80 79
81 58
82 49
83 55
84 80
85 58
86 58
87 79
88 28
89 36
90 12
91 80
92 42
93 23
94 49
95 12
96 55
97 7
98 28
99 55
100 16
101 7
102 4
103 4
104 64
105 23
106 25
107 79
108 49
109 36
110 80
111 7
112 49
113 55
114 79
115 12
116 2
117 55
118 36
119 7
120 36
121 12
122 28
123 42
124 23
125 58
126 49
127 25
128 49
129 42
130 28
131 79
132 16
133 28
134 23
135 65
136 55
137 7
138 28
139 58
140 12
141 64
142 16
143 42
144 80
145 80
146 12
147 49
148 23
149 58
150 58
151 28
152 16
153 7
154 55
155 16
156 58
157 58
158 12
159 25
160 64
161 58
162 49
163 28
164 12
165 80
166 47
167 47
168 12
169 49
170 55
171 49
172 80
173 28
174 47
175 64
176 80
177 7
178 65
179 55
180 49
181 65
182 25
183 16
184 65
185 65
186 42
187 80
188 80
189 47
190 12
191 64
192 16
193 79
194 58
195 36
196 65
197 49
198 64
199 36
200 7
201 25
202 80
203 42
204 28
205 12
206 7
207 58
208 58
209 80
210 12
211 69
212 49
213 58
214 55
215 7
216 7
217 42
218 25
219 64
220 55
221 25
222 49
223 42
224 23
225 42
226 80
227 23
228 12
229 47
230 42
231 58
232 55
233 80
234 23
235 36
236 36
237 79
238 55
239 12
240 23
241 49
242 36
243 58
244 58
245 47
246 47
247 23
248 16
249 12
250 16
251 7
252 36
253 23
254 23
255 36
256 47
257 28
258 36
259 7
260 65
261 7
262 79
263 42
264 12
265 12
266 42
267 64
268 49
269 25
270 16
271 47
272 25
273 36
274 80
275 65
276 49
277 36
278 42
279 36
280 16
281 65
282 25
283 65
284 65
285 28
286 79
287 42
288 23
289 47
290 36
291 58
292 79
293 23
294 25
295 58
296 80
297 55
298 64
299 64
300 64
301 12
302 7
303 12
304 47
305 58
306 16
307 7
308 12
309 79
310 16
311 47
312 58
313 64
314 58
315 80
316 80
317 12
318 25
319 55
320 7
321 55
322 55
323 64
324 47
325 58
326 64
327 64
328 49
329 28
330 65
331 64
332 36
333 55
334 25
335 16
336 49
337 28
338 58
339 58
340 12
341 23
342 64
343 12
344 12
345 58
346 12
347 36
348 49
349 28
350 47
351 25
352 12
353 58
354 47
355 16
356 23
357 12
358 65
359 47
360 14
361 16
362 47
363 55
364 58
365 28
366 16
367 65
368 79
369 35
370 7
371 80
372 64
373 16
374 7
375 58
376 2
377 23
378 58
379 65
380 12
381 36
382 64
383 16
384 7
385 36
386 58
387 79
388 58
389 23
390 28
391 12
392 12
393 47
394 80
395 58
396 42
397 58
398 65
399 42
400 55
