42 14 7 
47 36 2 54 
12 
23 69 49 
58 35 4 
28 25 
64 16 
65 55 
79 80 

1 64
2 23
3 12
4 7
5 49
6 25
7 16
8 25
9 36
10 49
11 12
12 79
13 28
14 65
15 16
16 25
17 64
18 42
19 80
20 25
21 23
22 58
23 28
24 79
25 16
26 12
27 36
28 65
29 65
30 7
31 16
32 36
33 80
34 58
35 16
36 16
37 23
38 36
39 54
40 58
41 42
42 79
43 49
44 58
45 42
46 35
47 42
48 79
49 36
50 12
51 47
52 16
53 36
54 65
55 49
56 25
57 55
58 36
59 42
60 55
61 65
62 12
63 55
64 65
65 28
66 12
67 16
68 25
69 79
70 49
71 80
72 16
73 25
74 65
75 58
76 25
77 55
78 42
79 79
80 58
81 58
82 47
83 65
84 49
85 64
86 28
87 79
88 16
89 47
90 7
91 23
92 55
93 58
94 49
95 7
96 79
97 12
98 64
99 55
100 58
101 28
102 4
103 4
104 7
105 49
106 47
107 80
108 42
109 47
110 65
111 47
112 12
113 42
114 28
115 55
116 2
117 49
118 28
119 65
120 4
121 12
122 47
123 12
124 55
125 80
126 36
127 25
128 47
129 64
130 12
131 79
132 79
133 55
134 79
135 58
136 65
137 16
138 12
139 23
140 25
141 16
142 64
143 12
144 80
145 16
146 65
147 49
148 7
149 36
150 23
151 58
152 58
153 49
154 55
155 16
156 65
157 80
158 64
159 28
160 36
161 58
162 25
163 28
164 12
165 58
166 23
167 64
168 12
169 49
170 49
171 80
172 55
173 28
174 36
175 23
176 12
177 42
178 23
179 65
180 58
181 25
182 25
183 16
184 79
185 58
186 42
187 28
188 36
189 47
190 42
191 25
192 58
193 16
194 80
195 16
196 80
197 7
198 36
199 12
200 79
201 47
202 16
203 12
204 28
205 80
206 47
207 25
208 23
209 79
210 64
211 69
212 80
213 23
214 23
215 47
216 36
217 58
218 7
219 36
220 23
221 12
222 58
223 65
224 55
225 80
226 47
227 79
228 12
229 47
230 42
231 28
232 36
233 28
234 49
235 58
236 36
237 79
238 80
239 12
240 23
241 49
242 58
243 65
244 79
245 49
246 47
247 12
248 79
249 47
250 49
251 7
252 58
253 23
254 23
255 7
256 7
257 23
258 47
259 7
260 25
261 7
262 36
263 25
264 49
265 23
266 49
267 12
268 65
269 49
270 7
271 16
272 64
273 55
274 12
275 7
276 25
277 16
278 7
279 58
280 55
281 80
282 12
283 65
284 64
285 65
286 16
287 58
288 49
289 36
290 80
291 7
292 7
293 47
294 25
295 42
296 79
297 65
298 64
299 47
300 64
301 55
302 25
303 58
304 23
305 58
306 47
307 55
308 25
309 7
310 47
311 23
312 58
313 64
314 42
315 80
316 80
317 58
318 25
319 16
320 16
321 7
322 79
323 55
324 16
325 58
326 64
327 79
328 28
329 16
330 25
331 47
332 79
333 49
334 80
335 28
336 49
337 64
338 58
339 47
340 12
341 65
342 64
343 80
344 12
345 80
346 65
347 55
348 79
349 55
350 47
351 7
352 23
353 58
354 12
355 42
356 58
357 79
358 65
359 79
360 14
361 25
362 23
363 23
364 64
365 25
366 65
367 79
368 7
369 35
370 7
371 42
372 7
373 25
374 7
375 58
376 2
377 47
378 80
379 64
380 12
381 42
382 65
383 16
384 23
385 36
386 42
387 28
388 79
389 23
390 36
391 64
392 64
393 49
394 16
395 47
396 55
397 58
398 28
399 55
400 55
