58 31 29 4 
36 47 
64 55 
65 18 2 53 
79 60 9 42 
80 12 
23 16 
7 28 
25 49 

1 28
2 58
3 31
4 25
5 7
6 79
7 16
8 64
9 23
10 42
11 23
12 36
13 42
14 55
15 16
16 58
17 58
18 53
19 29
20 55
21 23
22 36
23 12
24 42
25 65
26 49
27 55
28 65
29 28
30 49
31 47
32 55
33 64
34 36
35 16
36 80
37 65
38 80
39 53
40 55
41 42
42 36
43 65
44 79
45 36
46 60
47 23
48 29
49 65
50 12
51 29
52 49
53 58
54 47
55 28
56 42
57 58
58 16
59 79
60 79
61 23
62 55
63 12
64 55
65 23
66 49
67 16
68 25
69 28
70 12
71 64
72 12
73 28
74 49
75 55
76 12
77 58
78 49
79 47
80 65
81 65
82 80
83 47
84 80
85 42
86 79
87 7
88 25
89 7
90 47
91 28
92 36
93 23
94 23
95 65
96 47
97 16
98 49
99 55
100 58
101 23
102 4
103 4
104 55
105 7
106 55
107 80
108 58
109 58
110 25
111 7
112 49
113 28
114 64
115 23
116 2
117 49
118 28
119 55
120 36
121 12
122 64
123 36
124 65
125 16
126 58
127 58
128 55
129 49
130 47
131 79
132 64
133 64
134 49
135 47
136 28
137 16
138 12
139 49
140 58
141 79
142 49
143 16
144 28
145 58
146 12
147 58
148 7
149 7
150 79
151 55
152 23
153 16
154 64
155 55
156 7
157 47
158 47
159 36
160 55
161 42
162 65
163 79
164 36
165 25
166 23
167 47
168 47
169 47
170 23
171 80
172 25
173 49
174 49
175 12
176 28
177 58
178 65
179 36
180 80
181 16
182 65
183 55
184 23
185 49
186 65
187 64
188 12
189 80
190 12
191 25
192 36
193 65
194 80
195 79
196 55
197 25
198 64
199 80
200 47
201 65
202 80
203 47
204 47
205 58
206 47
207 79
208 58
209 58
210 16
211 18
212 16
213 79
214 28
215 23
216 36
217 64
218 55
219 65
220 28
221 12
222 25
223 25
224 16
225 55
226 25
227 28
228 25
229 23
230 25
231 80
232 64
233 28
234 55
235 58
236 7
237 79
238 47
239 65
240 23
241 12
242 58
243 36
244 28
245 80
246 42
247 28
248 79
249 25
250 7
251 7
252 42
253 58
254 65
255 16
256 7
257 25
258 55
259 12
260 47
261 36
262 7
263 64
264 64
265 49
266 16
267 36
268 65
269 65
270 7
271 80
272 65
273 36
274 49
275 36
276 25
277 47
278 42
279 25
280 12
281 64
282 49
283 64
284 23
285 58
286 42
287 25
288 55
289 16
290 65
291 7
292 64
293 36
294 65
295 58
296 79
297 65
298 80
299 58
300 7
301 7
302 65
303 55
304 36
305 31
306 49
307 65
308 36
309 79
310 65
311 7
312 31
313 80
314 79
315 65
316 7
317 65
318 49
319 25
320 80
321 42
322 79
323 36
324 47
325 79
326 42
327 23
328 80
329 47
330 79
331 16
332 7
333 64
334 28
335 28
336 79
337 12
338 31
339 65
340 16
341 55
342 49
343 55
344 49
345 42
346 28
347 47
348 16
349 12
350 79
351 65
352 36
353 31
354 47
355 36
356 28
357 64
358 65
359 47
360 9
361 28
362 16
363 7
364 65
365 28
366 28
367 42
368 7
369 31
370 42
371 23
372 7
373 64
374 79
375 47
376 2
377 23
378 80
379 28
380 28
381 64
382 23
383 42
384 12
385 65
386 12
387 79
388 79
389 64
390 7
391 16
392 12
393 64
394 55
395 58
396 65
397 16
398 23
399 65
400 16
